0.000000 0.000000 0.000000 0.000000
0.010000 0.010050 -0.000050 0.000000
0.020000 0.020199 -0.000201 0.000000
0.030000 0.030445 -0.000454 0.000000
0.040000 0.040789 -0.000811 0.000000
0.050000 0.051229 -0.001271 0.000000
0.060000 0.061763 -0.001835 0.000000
0.070000 0.072392 -0.002506 0.000000
0.080000 0.083113 -0.003284 0.000000
0.090000 0.093926 -0.004169 0.000000
0.100000 0.104829 -0.005162 0.000000
0.110000 0.115822 -0.006266 0.000000
0.120000 0.126904 -0.007479 0.000000
0.130000 0.138072 -0.008804 0.000000
0.140000 0.149327 -0.010241 0.000000
0.150000 0.160667 -0.011791 0.000000
0.160000 0.172091 -0.013455 0.000000
0.170000 0.183598 -0.015233 0.000000
0.180000 0.195186 -0.017127 0.000000
0.190000 0.206855 -0.019137 0.000000
0.200000 0.218603 -0.021264 0.000000
0.210000 0.230429 -0.023509 0.000000
0.220000 0.242332 -0.025873 0.000000
0.230000 0.254311 -0.028356 0.000000
0.240000 0.266365 -0.030959 0.000000
0.250000 0.278492 -0.033684 0.000000
0.260000 0.290691 -0.036529 0.000000
0.270000 0.302961 -0.039498 0.000000
0.280000 0.315300 -0.042589 0.000000
0.290000 0.327708 -0.045804 0.000000
0.300000 0.340184 -0.049143 0.000000
0.310000 0.352725 -0.052608 0.000000
0.320000 0.365331 -0.056198 0.000000
0.330000 0.378001 -0.059915 0.000000
0.340000 0.390732 -0.063758 0.000000
0.350000 0.403525 -0.067729 0.000000
0.360000 0.416377 -0.071829 0.000000
0.370000 0.429288 -0.076057 0.000000
0.380000 0.442256 -0.080415 0.000000
0.390000 0.455279 -0.084903 0.000000
0.400000 0.468357 -0.089521 0.000000
0.410000 0.481489 -0.094270 0.000000
0.420000 0.494672 -0.099151 0.000000
0.430000 0.507905 -0.104163 0.000000
0.440000 0.521188 -0.109309 0.000000
0.450000 0.534518 -0.114587 0.000000
0.460000 0.547896 -0.119999 0.000000
0.470000 0.561318 -0.125545 0.000000
0.480000 0.574784 -0.131226 0.000000
0.490000 0.588293 -0.137041 0.000000
0.500000 0.601843 -0.142992 0.000000
0.510000 0.615433 -0.149078 0.000000
0.520000 0.629061 -0.155301 0.000000
0.530000 0.642726 -0.161660 0.000000
0.540000 0.656427 -0.168155 0.000000
0.550000 0.670163 -0.174788 0.000000
0.560000 0.683931 -0.181559 0.000000
0.570000 0.697731 -0.188467 0.000000
0.580000 0.711561 -0.195513 0.000000
0.590000 0.725420 -0.202698 0.000000
0.600000 0.739307 -0.210022 0.000000
0.610000 0.753219 -0.217485 0.000000
0.620000 0.767157 -0.225086 0.000000
0.630000 0.781117 -0.232828 0.000000
0.640000 0.795100 -0.240709 0.000000
0.650000 0.809103 -0.248730 0.000000
0.660000 0.823125 -0.256891 0.000000
0.670000 0.837164 -0.265192 0.000000
0.680000 0.851220 -0.273634 0.000000
0.690000 0.865291 -0.282217 0.000000
0.700000 0.879375 -0.290940 0.000000
0.710000 0.893472 -0.299804 0.000000
0.720000 0.907579 -0.308810 0.000000
0.730000 0.921695 -0.317956 0.000000
0.740000 0.935819 -0.327244 0.000000
0.750000 0.949950 -0.336672 0.000000
0.760000 0.964085 -0.346243 0.000000
0.770000 0.978225 -0.355954 0.000000
0.780000 0.992366 -0.365807 0.000000
0.790000 1.006508 -0.375801 0.000000
0.800000 1.020649 -0.385937 0.000000
0.810000 1.034789 -0.396214 0.000000
0.820000 1.048925 -0.406633 0.000000
0.830000 1.063056 -0.417193 0.000000
0.840000 1.077180 -0.427894 0.000000
0.850000 1.091297 -0.438736 0.000000
0.860000 1.105405 -0.449720 0.000000
0.870000 1.119502 -0.460845 0.000000
0.880000 1.133588 -0.472110 0.000000
0.890000 1.147660 -0.483516 0.000000
0.900000 1.161717 -0.495063 0.000000
0.910000 1.175758 -0.506751 0.000000
0.920000 1.189781 -0.518578 0.000000
0.930000 1.203786 -0.530546 0.000000
0.940000 1.217770 -0.542654 0.000000
0.950000 1.231732 -0.554901 0.000000
0.960000 1.245672 -0.567288 0.000000
0.970000 1.259586 -0.579815 0.000000
0.980000 1.273475 -0.592480 0.000000
0.990000 1.287336 -0.605284 0.000000
1.000000 1.301169 -0.618227 0.000000
1.010000 1.314971 -0.631307 0.000000
1.020000 1.328742 -0.644526 0.000000
1.030000 1.342480 -0.657882 0.000000
1.040000 1.356184 -0.671376 0.000000
1.050000 1.369852 -0.685006 0.000000
1.060000 1.383483 -0.698772 0.000000
1.070000 1.397076 -0.712675 0.000000
1.080000 1.410629 -0.726714 0.000000
1.090000 1.424142 -0.740888 0.000000
1.100000 1.437611 -0.755197 0.000000
1.110000 1.451037 -0.769640 0.000000
1.120000 1.464418 -0.784217 0.000000
1.130000 1.477752 -0.798928 0.000000
1.140000 1.491039 -0.813772 0.000000
1.150000 1.504276 -0.828749 0.000000
1.160000 1.517464 -0.843857 0.000000
1.170000 1.530599 -0.859098 0.000000
1.180000 1.543681 -0.874469 0.000000
1.190000 1.556709 -0.889971 0.000000
1.200000 1.569681 -0.905603 0.000000
1.210000 1.582597 -0.921365 0.000000
1.220000 1.595454 -0.937255 0.000000
1.230000 1.608251 -0.953273 0.000000
1.240000 1.620988 -0.969420 0.000000
1.250000 1.633662 -0.985693 0.000000
1.260000 1.646273 -1.002093 0.000000
1.270000 1.658820 -1.018618 0.000000
1.280000 1.671301 -1.035269 0.000000
1.290000 1.683714 -1.052044 0.000000
1.300000 1.696059 -1.068943 0.000000
1.310000 1.708335 -1.085965 0.000000
1.320000 1.720540 -1.103109 0.000000
1.330000 1.732672 -1.120376 0.000000
1.340000 1.744732 -1.137763 0.000000
1.350000 1.756717 -1.155270 0.000000
1.360000 1.768626 -1.172897 0.000000
1.370000 1.780458 -1.190642 0.000000
1.380000 1.792213 -1.208506 0.000000
1.390000 1.803888 -1.226486 0.000000
1.400000 1.815483 -1.244583 0.000000
1.410000 1.826996 -1.262796 0.000000
1.420000 1.838426 -1.281123 0.000000
1.430000 1.849773 -1.299564 0.000000
1.440000 1.861035 -1.318118 0.000000
1.450000 1.872210 -1.336784 0.000000
1.460000 1.883299 -1.355562 0.000000
1.470000 1.894299 -1.374450 0.000000
1.480000 1.905209 -1.393448 0.000000
1.490000 1.916029 -1.412554 0.000000
1.500000 1.926758 -1.431768 0.000000
1.510000 1.937394 -1.451089 0.000000
1.520000 1.947936 -1.470515 0.000000
1.530000 1.958383 -1.490047 0.000000
1.540000 1.968734 -1.509683 0.000000
1.550000 1.978989 -1.529421 0.000000
1.560000 1.989146 -1.549262 0.000000
1.570000 1.999203 -1.569204 0.000000
1.580000 2.009161 -1.589246 0.000000
1.590000 2.019018 -1.609387 0.000000
1.600000 2.028773 -1.629626 0.000000
1.610000 2.038425 -1.649962 0.000000
1.620000 2.047974 -1.670394 0.000000
1.630000 2.057417 -1.690921 0.000000
1.640000 2.066755 -1.711542 0.000000
1.650000 2.075986 -1.732256 0.000000
1.660000 2.085109 -1.753061 0.000000
1.670000 2.094124 -1.773958 0.000000
1.680000 2.103030 -1.794944 0.000000
1.690000 2.111825 -1.816018 0.000000
1.700000 2.120509 -1.837180 0.000000
1.710000 2.129081 -1.858428 0.000000
1.720000 2.137540 -1.879761 0.000000
1.730000 2.145886 -1.901178 0.000000
1.740000 2.154117 -1.922678 0.000000
1.750000 2.162232 -1.944260 0.000000
1.760000 2.170231 -1.965923 0.000000
1.770000 2.178113 -1.987664 0.000000
1.780000 2.185878 -2.009484 0.000000
1.790000 2.193523 -2.031381 0.000000
1.800000 2.201050 -2.053354 0.000000
1.810000 2.208456 -2.075402 0.000000
1.820000 2.215741 -2.097523 0.000000
1.830000 2.222905 -2.119717 0.000000
1.840000 2.229947 -2.141981 0.000000
1.850000 2.236865 -2.164315 0.000000
1.860000 2.243660 -2.186718 0.000000
1.870000 2.250331 -2.209188 0.000000
1.880000 2.256876 -2.231724 0.000000
1.890000 2.263296 -2.254325 0.000000
1.900000 2.269590 -2.276989 0.000000
1.910000 2.275756 -2.299716 0.000000
1.920000 2.281795 -2.322504 0.000000
1.930000 2.287706 -2.345352 0.000000
1.940000 2.293488 -2.368258 0.000000
1.950000 2.299141 -2.391221 0.000000
1.960000 2.304663 -2.414240 0.000000
1.970000 2.310056 -2.437314 0.000000
1.980000 2.315317 -2.460441 0.000000
1.990000 2.320447 -2.483620 0.000000
2.000000 2.325444 -2.506849 0.000000
2.010000 2.330309 -2.530128 0.000000
2.020000 2.335042 -2.553455 0.000000
2.030000 2.339640 -2.576829 0.000000
2.040000 2.344105 -2.600248 0.000000
2.050000 2.348435 -2.623710 0.000000
2.060000 2.352630 -2.647216 0.000000
2.070000 2.356691 -2.670762 0.000000
2.080000 2.360615 -2.694349 0.000000
2.090000 2.364403 -2.717974 0.000000
2.100000 2.368055 -2.741637 0.000000
2.110000 2.371571 -2.765335 0.000000
2.120000 2.374949 -2.789068 0.000000
2.130000 2.378189 -2.812833 0.000000
2.140000 2.381292 -2.836631 0.000000
2.150000 2.384256 -2.860459 0.000000
2.160000 2.387083 -2.884316 0.000000
2.170000 2.389770 -2.908200 0.000000
2.180000 2.392319 -2.932111 0.000000
2.190000 2.394728 -2.956046 0.000000
2.200000 2.396998 -2.980005 0.000000
2.210000 2.399128 -3.003985 0.000000
2.220000 2.401118 -3.027987 0.000000
2.230000 2.402968 -3.052007 0.000000
2.240000 2.404678 -3.076046 0.000000
2.250000 2.406247 -3.100100 0.000000
2.260000 2.407675 -3.124170 0.000000
2.270000 2.408963 -3.148253 0.000000
2.280000 2.410110 -3.172349 0.000000
2.290000 2.411116 -3.196455 0.000000
2.300000 2.411981 -3.220571 0.000000
2.310000 2.412705 -3.244694 0.000000
2.320000 2.413287 -3.268824 0.000000
2.330000 2.413728 -3.292960 0.000000
2.340000 2.414028 -3.317099 0.000000
2.350000 2.414186 -3.341240 0.000000
2.360000 2.414203 -3.365382 0.000000
2.370000 2.414079 -3.389523 0.000000
2.380000 2.413813 -3.413663 0.000000
2.390000 2.413406 -3.437799 0.000000
2.400000 2.412857 -3.461931 0.000000
2.410000 2.412167 -3.486056 0.000000
2.420000 2.411336 -3.510173 0.000000
2.430000 2.410364 -3.534282 0.000000
2.440000 2.409250 -3.558380 0.000000
2.450000 2.407996 -3.582467 0.000000
2.460000 2.406601 -3.606540 0.000000
2.470000 2.405065 -3.630598 0.000000
2.480000 2.403389 -3.654640 0.000000
2.490000 2.401572 -3.678665 0.000000
2.500000 2.399616 -3.702671 0.000000
2.510000 2.397519 -3.726657 0.000000
2.520000 2.395283 -3.750621 0.000000
2.530000 2.392907 -3.774562 0.000000
2.540000 2.390392 -3.798479 0.000000
2.550000 2.387737 -3.822370 0.000000
2.560000 2.384944 -3.846233 0.000000
2.570000 2.382013 -3.870068 0.000000
2.580000 2.378943 -3.893873 0.000000
2.590000 2.375735 -3.917647 0.000000
2.600000 2.372390 -3.941387 0.000000
2.610000 2.368908 -3.965094 0.000000
2.620000 2.365288 -3.988765 0.000000
2.630000 2.361533 -4.012399 0.000000
2.640000 2.357641 -4.035995 0.000000
2.650000 2.353613 -4.059552 0.000000
2.660000 2.349450 -4.083067 0.000000
2.670000 2.345152 -4.106540 0.000000
2.680000 2.340719 -4.129970 0.000000
2.690000 2.336152 -4.153354 0.000000
2.700000 2.331452 -4.176692 0.000000
2.710000 2.326619 -4.199983 0.000000
2.720000 2.321653 -4.223224 0.000000
2.730000 2.316554 -4.246415 0.000000
2.740000 2.311324 -4.269555 0.000000
2.750000 2.305963 -4.292641 0.000000
2.760000 2.300472 -4.315674 0.000000
2.770000 2.294850 -4.338650 0.000000
2.780000 2.289099 -4.361570 0.000000
2.790000 2.283219 -4.384432 0.000000
2.800000 2.277210 -4.407234 0.000000
2.810000 2.271074 -4.429976 0.000000
2.820000 2.264811 -4.452655 0.000000
2.830000 2.258421 -4.475272 0.000000
2.840000 2.251906 -4.497823 0.000000
2.850000 2.245265 -4.520309 0.000000
2.860000 2.238500 -4.542728 0.000000
2.870000 2.231611 -4.565079 0.000000
2.880000 2.224599 -4.587360 0.000000
2.890000 2.217464 -4.609570 0.000000
2.900000 2.210207 -4.631709 0.000000
2.910000 2.202830 -4.653774 0.000000
2.920000 2.195332 -4.675765 0.000000
2.930000 2.187715 -4.697680 0.000000
2.940000 2.179979 -4.719519 0.000000
2.950000 2.172125 -4.741280 0.000000
2.960000 2.164154 -4.762961 0.000000
2.970000 2.156066 -4.784562 0.000000
2.980000 2.147863 -4.806082 0.000000
2.990000 2.139545 -4.827519 0.000000
3.000000 2.131113 -4.848872 0.000000
3.010000 2.122567 -4.870141 0.000000
3.020000 2.113910 -4.891323 0.000000
3.030000 2.105141 -4.912419 0.000000
3.040000 2.096262 -4.933426 0.000000
3.050000 2.087273 -4.954344 0.000000
3.060000 2.078175 -4.975171 0.000000
3.070000 2.068970 -4.995907 0.000000
3.080000 2.059657 -5.016550 0.000000
3.090000 2.050239 -5.037100 0.000000
3.100000 2.040716 -5.057554 0.000000
3.110000 2.031088 -5.077914 0.000000
3.120000 2.021358 -5.098176 0.000000
3.130000 2.011525 -5.118340 0.000000
3.140000 2.001591 -5.138406 0.000000
3.150000 1.991557 -5.158372 0.000000
3.160000 1.981424 -5.178237 0.000000
3.170000 1.971193 -5.198000 0.000000
3.180000 1.960865 -5.217660 0.000000
3.190000 1.950440 -5.237217 0.000000
3.200000 1.939921 -5.256669 0.000000
3.210000 1.929307 -5.276015 0.000000
3.220000 1.918601 -5.295255 0.000000
3.230000 1.907802 -5.314387 0.000000
3.240000 1.896913 -5.333410 0.000000
3.250000 1.885935 -5.352325 0.000000
3.260000 1.874867 -5.371129 0.000000
3.270000 1.863712 -5.389822 0.000000
3.280000 1.852471 -5.408403 0.000000
3.290000 1.841145 -5.426871 0.000000
3.300000 1.829734 -5.445225 0.000000
3.310000 1.818241 -5.463465 0.000000
3.320000 1.806665 -5.481590 0.000000
3.330000 1.795009 -5.499598 0.000000
3.340000 1.783274 -5.517490 0.000000
3.350000 1.771460 -5.535264 0.000000
3.360000 1.759569 -5.552919 0.000000
3.370000 1.747602 -5.570455 0.000000
3.380000 1.735560 -5.587871 0.000000
3.390000 1.723445 -5.605166 0.000000
3.400000 1.711257 -5.622339 0.000000
3.410000 1.698998 -5.639391 0.000000
3.420000 1.686670 -5.656319 0.000000
3.430000 1.674272 -5.673124 0.000000
3.440000 1.661808 -5.689804 0.000000
3.450000 1.649277 -5.706360 0.000000
3.460000 1.636681 -5.722790 0.000000
3.470000 1.624021 -5.739093 0.000000
3.480000 1.611299 -5.755270 0.000000
3.490000 1.598516 -5.771319 0.000000
3.500000 1.585673 -5.787240 0.000000
3.510000 1.572772 -5.803032 0.000000
3.520000 1.559813 -5.818695 0.000000
3.530000 1.546799 -5.834228 0.000000
3.540000 1.533729 -5.849631 0.000000
3.550000 1.520606 -5.864903 0.000000
3.560000 1.507432 -5.880043 0.000000
3.570000 1.494206 -5.895051 0.000000
3.580000 1.480931 -5.909927 0.000000
3.590000 1.467608 -5.924670 0.000000
3.600000 1.454238 -5.939279 0.000000
3.610000 1.440823 -5.953754 0.000000
3.620000 1.427363 -5.968095 0.000000
3.630000 1.413861 -5.982301 0.000000
3.640000 1.400318 -5.996372 0.000000
3.650000 1.386734 -6.010308 0.000000
3.660000 1.373112 -6.024107 0.000000
3.670000 1.359453 -6.037770 0.000000
3.680000 1.345757 -6.051296 0.000000
3.690000 1.332027 -6.064685 0.000000
3.700000 1.318264 -6.077936 0.000000
3.710000 1.304469 -6.091050 0.000000
3.720000 1.290643 -6.104025 0.000000
3.730000 1.276789 -6.116863 0.000000
3.740000 1.262907 -6.129561 0.000000
3.750000 1.248998 -6.142121 0.000000
3.760000 1.235065 -6.154541 0.000000
3.770000 1.221108 -6.166822 0.000000
3.780000 1.207129 -6.178963 0.000000
3.790000 1.193129 -6.190964 0.000000
3.800000 1.179110 -6.202826 0.000000
3.810000 1.165073 -6.214547 0.000000
3.820000 1.151019 -6.226127 0.000000
3.830000 1.136951 -6.237567 0.000000
3.840000 1.122868 -6.248866 0.000000
3.850000 1.108774 -6.260024 0.000000
3.860000 1.094668 -6.271041 0.000000
3.870000 1.080554 -6.281918 0.000000
3.880000 1.066431 -6.292652 0.000000
3.890000 1.052301 -6.303246 0.000000
3.900000 1.038166 -6.313698 0.000000
3.910000 1.024027 -6.324009 0.000000
3.920000 1.009886 -6.334179 0.000000
3.930000 0.995744 -6.344207 0.000000
3.940000 0.981603 -6.354094 0.000000
3.950000 0.967463 -6.363839 0.000000
3.960000 0.953326 -6.373443 0.000000
3.970000 0.939195 -6.382906 0.000000
3.980000 0.925069 -6.392227 0.000000
3.990000 0.910951 -6.401407 0.000000
4.000000 0.896841 -6.410446 0.000000
4.010000 0.882742 -6.419344 0.000000
4.020000 0.868655 -6.428101 0.000000
4.030000 0.854581 -6.436717 0.000000
4.040000 0.840521 -6.445193 0.000000
4.050000 0.826477 -6.453528 0.000000
4.060000 0.812451 -6.461722 0.000000
4.070000 0.798443 -6.469777 0.000000
4.080000 0.784456 -6.477691 0.000000
4.090000 0.770490 -6.485466 0.000000
4.100000 0.756547 -6.493101 0.000000
4.110000 0.742628 -6.500597 0.000000
4.120000 0.728735 -6.507954 0.000000
4.130000 0.714870 -6.515172 0.000000
4.140000 0.701032 -6.522251 0.000000
4.150000 0.687225 -6.529192 0.000000
4.160000 0.673449 -6.535996 0.000000
4.170000 0.659706 -6.542662 0.000000
4.180000 0.645996 -6.549190 0.000000
4.190000 0.632322 -6.555582 0.000000
4.200000 0.618685 -6.561837 0.000000
4.210000 0.605086 -6.567955 0.000000
4.220000 0.591526 -6.573938 0.000000
4.230000 0.578008 -6.579786 0.000000
4.240000 0.564531 -6.585499 0.000000
4.250000 0.551098 -6.591077 0.000000
4.260000 0.537710 -6.596521 0.000000
4.270000 0.524368 -6.601831 0.000000
4.280000 0.511074 -6.607008 0.000000
4.290000 0.497828 -6.612053 0.000000
4.300000 0.484633 -6.616965 0.000000
4.310000 0.471490 -6.621746 0.000000
4.320000 0.458399 -6.626395 0.000000
4.330000 0.445362 -6.630914 0.000000
4.340000 0.432381 -6.635303 0.000000
4.350000 0.419456 -6.639562 0.000000
4.360000 0.406590 -6.643692 0.000000
4.370000 0.393783 -6.647694 0.000000
4.380000 0.381037 -6.651568 0.000000
4.390000 0.368352 -6.655315 0.000000
4.400000 0.355731 -6.658935 0.000000
4.410000 0.343174 -6.662429 0.000000
4.420000 0.330683 -6.665799 0.000000
4.430000 0.318258 -6.669043 0.000000
4.440000 0.305902 -6.672164 0.000000
4.450000 0.293615 -6.675162 0.000000
4.460000 0.281399 -6.678037 0.000000
4.470000 0.269255 -6.680790 0.000000
4.480000 0.257184 -6.683422 0.000000
4.490000 0.245187 -6.685934 0.000000
4.500000 0.233266 -6.688326 0.000000
4.510000 0.221421 -6.690599 0.000000
4.520000 0.209654 -6.692755 0.000000
4.530000 0.197966 -6.694793 0.000000
4.540000 0.186359 -6.696714 0.000000
4.550000 0.174832 -6.698520 0.000000
4.560000 0.163389 -6.700211 0.000000
4.570000 0.152029 -6.701788 0.000000
4.580000 0.140753 -6.703252 0.000000
4.590000 0.129564 -6.704603 0.000000
4.600000 0.118462 -6.705844 0.000000
4.610000 0.107447 -6.706973 0.000000
4.620000 0.096522 -6.707993 0.000000
4.630000 0.085688 -6.708904 0.000000
4.640000 0.074945 -6.709707 0.000000
4.650000 0.064294 -6.710403 0.000000
4.660000 0.053737 -6.710993 0.000000
4.670000 0.043275 -6.711478 0.000000
4.680000 0.032908 -6.711859 0.000000
4.690000 0.022638 -6.712136 0.000000
4.700000 0.012465 -6.712312 0.000000
4.710000 0.002392 -6.712386 0.000000
4.720000 -0.007582 -6.712360 0.000000
4.730000 -0.017455 -6.712235 0.000000
4.740000 -0.027226 -6.712011 0.000000
4.750000 -0.036895 -6.711691 0.000000
4.760000 -0.046460 -6.711274 0.000000
4.770000 -0.055920 -6.710762 0.000000
4.780000 -0.065275 -6.710156 0.000000
4.790000 -0.074523 -6.709457 0.000000
4.800000 -0.083664 -6.708666 0.000000
4.810000 -0.092696 -6.707784 0.000000
4.820000 -0.101619 -6.706812 0.000000
4.830000 -0.110432 -6.705752 0.000000
4.840000 -0.119134 -6.704604 0.000000
4.850000 -0.127724 -6.703369 0.000000
4.860000 -0.136201 -6.702050 0.000000
4.870000 -0.144564 -6.700646 0.000000
4.880000 -0.152813 -6.699159 0.000000
4.890000 -0.160947 -6.697590 0.000000
4.900000 -0.168965 -6.695940 0.000000
4.910000 -0.176866 -6.694211 0.000000
4.920000 -0.184649 -6.692403 0.000000
4.930000 -0.192314 -6.690518 0.000000
4.940000 -0.199859 -6.688557 0.000000
4.950000 -0.207285 -6.686522 0.000000
4.960000 -0.214589 -6.684412 0.000000
4.970000 -0.221773 -6.682230 0.000000
4.980000 -0.228834 -6.679977 0.000000
4.990000 -0.235772 -6.677654 0.000000
5.000000 -0.242586 -6.675262 0.000000
5.010000 -0.249277 -6.672803 0.000000
5.020000 -0.255842 -6.670277 0.000000
5.030000 -0.262282 -6.667686 0.000000
5.040000 -0.268596 -6.665032 0.000000
5.050000 -0.274783 -6.662315 0.000000
5.060000 -0.280842 -6.659537 0.000000
5.070000 -0.286773 -6.656698 0.000000
5.080000 -0.292576 -6.653801 0.000000
5.090000 -0.298249 -6.650847 0.000000
5.100000 -0.303792 -6.647837 0.000000
5.110000 -0.309206 -6.644772 0.000000
5.120000 -0.314488 -6.641653 0.000000
5.130000 -0.319638 -6.638483 0.000000
5.140000 -0.324657 -6.635261 0.000000
5.150000 -0.329543 -6.631990 0.000000
5.160000 -0.334297 -6.628671 0.000000
5.170000 -0.338917 -6.625304 0.000000
5.180000 -0.343403 -6.621893 0.000000
5.190000 -0.347754 -6.618437 0.000000
5.200000 -0.351971 -6.614938 0.000000
5.210000 -0.356053 -6.611398 0.000000
5.220000 -0.359999 -6.607817 0.000000
5.230000 -0.363809 -6.604198 0.000000
5.240000 -0.367483 -6.600542 0.000000
5.250000 -0.371020 -6.596849 0.000000
5.260000 -0.374420 -6.593122 0.000000
5.270000 -0.377682 -6.589361 0.000000
5.280000 -0.380807 -6.585569 0.000000
5.290000 -0.383794 -6.581745 0.000000
5.300000 -0.386642 -6.577893 0.000000
5.310000 -0.389351 -6.574013 0.000000
5.320000 -0.391922 -6.570107 0.000000
5.330000 -0.394353 -6.566175 0.000000
5.340000 -0.396645 -6.562220 0.000000
5.350000 -0.398798 -6.558243 0.000000
5.360000 -0.400810 -6.554244 0.000000
5.370000 -0.402683 -6.550227 0.000000
5.380000 -0.404415 -6.546191 0.000000
5.390000 -0.406006 -6.542139 0.000000
5.400000 -0.407457 -6.538072 0.000000
5.410000 -0.408768 -6.533990 0.000000
5.420000 -0.409937 -6.529897 0.000000
5.430000 -0.410966 -6.525792 0.000000
5.440000 -0.411853 -6.521678 0.000000
5.450000 -0.412599 -6.517556 0.000000
5.460000 -0.413204 -6.513426 0.000000
5.470000 -0.413668 -6.509292 0.000000
5.480000 -0.413990 -6.505153 0.000000
5.490000 -0.414171 -6.501013 0.000000
5.500000 -0.414210 -6.496871 0.000000
5.510000 -0.414108 -6.492729 0.000000
5.520000 -0.413865 -6.488589 0.000000
5.530000 -0.413480 -6.484452 0.000000
5.540000 -0.412954 -6.480320 0.000000
5.550000 -0.412286 -6.476193 0.000000
5.560000 -0.411478 -6.472074 0.000000
5.570000 -0.410528 -6.467964 0.000000
5.580000 -0.409437 -6.463864 0.000000
5.590000 -0.408205 -6.459776 0.000000
5.600000 -0.406833 -6.455701 0.000000
5.610000 -0.405319 -6.451640 0.000000
5.620000 -0.403665 -6.447595 0.000000
5.630000 -0.401871 -6.443567 0.000000
5.640000 -0.399937 -6.439558 0.000000
5.650000 -0.397862 -6.435569 0.000000
5.660000 -0.395648 -6.431601 0.000000
5.670000 -0.393294 -6.427656 0.000000
5.680000 -0.390801 -6.423736 0.000000
5.690000 -0.388169 -6.419841 0.000000
5.700000 -0.385398 -6.415973 0.000000
5.710000 -0.382489 -6.412133 0.000000
5.720000 -0.379441 -6.408323 0.000000
5.730000 -0.376255 -6.404545 0.000000
5.740000 -0.372932 -6.400799 0.000000
5.750000 -0.369471 -6.397087 0.000000
5.760000 -0.365874 -6.393410 0.000000
5.770000 -0.362140 -6.389770 0.000000
5.780000 -0.358269 -6.386167 0.000000
5.790000 -0.354263 -6.382605 0.000000
5.800000 -0.350122 -6.379083 0.000000
5.810000 -0.345845 -6.375603 0.000000
5.820000 -0.341434 -6.372166 0.000000
5.830000 -0.336889 -6.368774 0.000000
5.840000 -0.332210 -6.365429 0.000000
5.850000 -0.327397 -6.362131 0.000000
5.860000 -0.322452 -6.358881 0.000000
5.870000 -0.317375 -6.355682 0.000000
5.880000 -0.312166 -6.352534 0.000000
5.890000 -0.306826 -6.349439 0.000000
5.900000 -0.301355 -6.346398 0.000000
5.910000 -0.295754 -6.343413 0.000000
5.920000 -0.290024 -6.340484 0.000000
5.930000 -0.284164 -6.337613 0.000000
5.940000 -0.278176 -6.334801 0.000000
5.950000 -0.272060 -6.332049 0.000000
5.960000 -0.265817 -6.329360 0.000000
5.970000 -0.259448 -6.326734 0.000000
5.980000 -0.252952 -6.324171 0.000000
5.990000 -0.246331 -6.321675 0.000000
6.000000 -0.239586 -6.319245 0.000000
6.010000 -0.232716 -6.316884 0.000000
6.020000 -0.225724 -6.314591 0.000000
6.030000 -0.218608 -6.312370 0.000000
6.040000 -0.211371 -6.310220 0.000000
6.050000 -0.204013 -6.308143 0.000000
6.060000 -0.196534 -6.306140 0.000000
6.070000 -0.188936 -6.304212 0.000000
6.080000 -0.181219 -6.302361 0.000000
6.090000 -0.173384 -6.300588 0.000000
6.100000 -0.165431 -6.298894 0.000000
6.110000 -0.157362 -6.297280 0.000000
6.120000 -0.149177 -6.295747 0.000000
6.130000 -0.140877 -6.294297 0.000000
6.140000 -0.132463 -6.292930 0.000000
6.150000 -0.123936 -6.291648 0.000000
6.160000 -0.115296 -6.290452 0.000000
6.170000 -0.106545 -6.289342 0.000000
6.180000 -0.097683 -6.288321 0.000000
6.190000 -0.088712 -6.287389 0.000000
6.200000 -0.079632 -6.286547 0.000000
6.210000 -0.070443 -6.285797 0.000000
6.220000 -0.061148 -6.285139 0.000000
6.230000 -0.051746 -6.284574 0.000000
6.240000 -0.042240 -6.284104 0.000000
6.250000 -0.032629 -6.283730 0.000000
6.260000 -0.022914 -6.283452 0.000000
6.270000 -0.013098 -6.283272 0.000000
6.280000 -0.003180 -6.283190 0.000000
6.290000 0.006838 -6.283209 0.000000
6.300000 0.016955 -6.283327 0.000000
6.310000 0.027171 -6.283548 0.000000
6.320000 0.037484 -6.283871 0.000000
6.330000 0.047893 -6.284298 0.000000
6.340000 0.058398 -6.284829 0.000000
6.350000 0.068996 -6.285466 0.000000
6.360000 0.079688 -6.286210 0.000000
6.370000 0.090472 -6.287060 0.000000
6.380000 0.101346 -6.288019 0.000000
6.390000 0.112311 -6.289088 0.000000
6.400000 0.123364 -6.290266 0.000000
6.410000 0.134505 -6.291555 0.000000
6.420000 0.145733 -6.292956 0.000000
6.430000 0.157046 -6.294470 0.000000
6.440000 0.168443 -6.296097 0.000000
6.450000 0.179923 -6.297839 0.000000
6.460000 0.191486 -6.299696 0.000000
6.470000 0.203129 -6.301669 0.000000
6.480000 0.214852 -6.303759 0.000000
6.490000 0.226654 -6.305967 0.000000
6.500000 0.238532 -6.308292 0.000000
6.510000 0.250487 -6.310737 0.000000
6.520000 0.262517 -6.313302 0.000000
6.530000 0.274621 -6.315988 0.000000
6.540000 0.286797 -6.318795 0.000000
6.550000 0.299045 -6.321724 0.000000
6.560000 0.311362 -6.324776 0.000000
6.570000 0.323749 -6.327952 0.000000
6.580000 0.336203 -6.331251 0.000000
6.590000 0.348723 -6.334676 0.000000
6.600000 0.361309 -6.338226 0.000000
6.610000 0.373958 -6.341902 0.000000
6.620000 0.386670 -6.345705 0.000000
6.630000 0.399444 -6.349636 0.000000
6.640000 0.412277 -6.353694 0.000000
6.650000 0.425169 -6.357882 0.000000
6.660000 0.438119 -6.362198 0.000000
6.670000 0.451125 -6.366644 0.000000
6.680000 0.464186 -6.371221 0.000000
6.690000 0.477300 -6.375928 0.000000
6.700000 0.490467 -6.380767 0.000000
6.710000 0.503684 -6.385738 0.000000
6.720000 0.516952 -6.390841 0.000000
6.730000 0.530267 -6.396077 0.000000
6.740000 0.543630 -6.401446 0.000000
6.750000 0.557038 -6.406950 0.000000
6.760000 0.570490 -6.412587 0.000000
6.770000 0.583986 -6.418360 0.000000
6.780000 0.597523 -6.424267 0.000000
6.790000 0.611100 -6.430310 0.000000
6.800000 0.624716 -6.436489 0.000000
6.810000 0.638370 -6.442805 0.000000
6.820000 0.652059 -6.449257 0.000000
6.830000 0.665784 -6.455846 0.000000
6.840000 0.679542 -6.462572 0.000000
6.850000 0.693332 -6.469437 0.000000
6.860000 0.707153 -6.476439 0.000000
6.870000 0.721003 -6.483580 0.000000
6.880000 0.734881 -6.490859 0.000000
6.890000 0.748785 -6.498278 0.000000
6.900000 0.762715 -6.505835 0.000000
6.910000 0.776668 -6.513532 0.000000
6.920000 0.790644 -6.521369 0.000000
6.930000 0.804640 -6.529345 0.000000
6.940000 0.818656 -6.537461 0.000000
6.950000 0.832690 -6.545718 0.000000
6.960000 0.846741 -6.554115 0.000000
6.970000 0.860808 -6.562653 0.000000
6.980000 0.874888 -6.571331 0.000000
6.990000 0.888981 -6.580151 0.000000
7.000000 0.903084 -6.589111 0.000000
7.010000 0.917198 -6.598213 0.000000
7.020000 0.931320 -6.607455 0.000000
7.030000 0.945448 -6.616839 0.000000
7.040000 0.959582 -6.626364 0.000000
7.050000 0.973721 -6.636031 0.000000
7.060000 0.987861 -6.645839 0.000000
7.070000 1.002003 -6.655788 0.000000
7.080000 1.016145 -6.665879 0.000000
7.090000 1.030285 -6.676111 0.000000
7.100000 1.044422 -6.686484 0.000000
7.110000 1.058555 -6.696999 0.000000
7.120000 1.072682 -6.707655 0.000000
7.130000 1.086801 -6.718453 0.000000
7.140000 1.100912 -6.729391 0.000000
7.150000 1.115013 -6.740471 0.000000
7.160000 1.129103 -6.751692 0.000000
7.170000 1.143179 -6.763053 0.000000
7.180000 1.157241 -6.774555 0.000000
7.190000 1.171287 -6.786198 0.000000
7.200000 1.185317 -6.797981 0.000000
7.210000 1.199327 -6.809904 0.000000
7.220000 1.213318 -6.821967 0.000000
7.230000 1.227287 -6.834170 0.000000
7.240000 1.241234 -6.846513 0.000000
7.250000 1.255157 -6.858995 0.000000
7.260000 1.269054 -6.871616 0.000000
7.270000 1.282924 -6.884376 0.000000
7.280000 1.296766 -6.897274 0.000000
7.290000 1.310578 -6.910311 0.000000
7.300000 1.324359 -6.923486 0.000000
7.310000 1.338108 -6.936798 0.000000
7.320000 1.351823 -6.950248 0.000000
7.330000 1.365502 -6.963835 0.000000
7.340000 1.379146 -6.977558 0.000000
7.350000 1.392751 -6.991417 0.000000
7.360000 1.406317 -7.005413 0.000000
7.370000 1.419842 -7.019544 0.000000
7.380000 1.433325 -7.033809 0.000000
7.390000 1.446765 -7.048210 0.000000
7.400000 1.460161 -7.062745 0.000000
7.410000 1.473510 -7.077413 0.000000
7.420000 1.486812 -7.092215 0.000000
7.430000 1.500065 -7.107149 0.000000
7.440000 1.513269 -7.122216 0.000000
7.450000 1.526421 -7.137414 0.000000
7.460000 1.539520 -7.152744 0.000000
7.470000 1.552565 -7.168204 0.000000
7.480000 1.565555 -7.183795 0.000000
7.490000 1.578489 -7.199515 0.000000
7.500000 1.591365 -7.215365 0.000000
7.510000 1.604181 -7.231342 0.000000
7.520000 1.616937 -7.247448 0.000000
7.530000 1.629632 -7.263681 0.000000
7.540000 1.642263 -7.280041 0.000000
7.550000 1.654831 -7.296526 0.000000
7.560000 1.667332 -7.313137 0.000000
7.570000 1.679767 -7.329873 0.000000
7.580000 1.692135 -7.346732 0.000000
7.590000 1.704432 -7.363715 0.000000
7.600000 1.716660 -7.380820 0.000000
7.610000 1.728816 -7.398048 0.000000
7.620000 1.740898 -7.415397 0.000000
7.630000 1.752907 -7.432866 0.000000
7.640000 1.764841 -7.450454 0.000000
7.650000 1.776698 -7.468162 0.000000
7.660000 1.788477 -7.485988 0.000000
7.670000 1.800178 -7.503931 0.000000
7.680000 1.811798 -7.521991 0.000000
7.690000 1.823337 -7.540167 0.000000
7.700000 1.834794 -7.558458 0.000000
7.710000 1.846168 -7.576863 0.000000
7.720000 1.857457 -7.595381 0.000000
7.730000 1.868660 -7.614012 0.000000
7.740000 1.879776 -7.632754 0.000000
7.750000 1.890804 -7.651607 0.000000
7.760000 1.901744 -7.670570 0.000000
7.770000 1.912593 -7.689641 0.000000
7.780000 1.923350 -7.708821 0.000000
7.790000 1.934016 -7.728108 0.000000
7.800000 1.944588 -7.747501 0.000000
7.810000 1.955066 -7.767000 0.000000
7.820000 1.965448 -7.786602 0.000000
7.830000 1.975733 -7.806308 0.000000
7.840000 1.985921 -7.826117 0.000000
7.850000 1.996010 -7.846026 0.000000
7.860000 2.006000 -7.866036 0.000000
7.870000 2.015889 -7.886146 0.000000
7.880000 2.025677 -7.906354 0.000000
7.890000 2.035362 -7.926659 0.000000
7.900000 2.044943 -7.947061 0.000000
7.910000 2.054420 -7.967558 0.000000
7.920000 2.063792 -7.988149 0.000000
7.930000 2.073057 -8.008833 0.000000
7.940000 2.082215 -8.029610 0.000000
7.950000 2.091265 -8.050477 0.000000
7.960000 2.100205 -8.071435 0.000000
7.970000 2.109036 -8.092481 0.000000
7.980000 2.117755 -8.113615 0.000000
7.990000 2.126363 -8.134836 0.000000
8.000000 2.134858 -8.156142 0.000000
8.010000 2.143240 -8.177532 0.000000
8.020000 2.151507 -8.199006 0.000000
8.030000 2.159660 -8.220562 0.000000
8.040000 2.167696 -8.242199 0.000000
8.050000 2.175615 -8.263916 0.000000
8.060000 2.183417 -8.285711 0.000000
8.070000 2.191101 -8.307584 0.000000
8.080000 2.198665 -8.329533 0.000000
8.090000 2.206110 -8.351557 0.000000
8.100000 2.213434 -8.373654 0.000000
8.110000 2.220637 -8.395825 0.000000
8.120000 2.227717 -8.418067 0.000000
8.130000 2.234675 -8.440379 0.000000
8.140000 2.241509 -8.462760 0.000000
8.150000 2.248220 -8.485209 0.000000
8.160000 2.254805 -8.507724 0.000000
8.170000 2.261265 -8.530304 0.000000
8.180000 2.267599 -8.552949 0.000000
8.190000 2.273806 -8.575656 0.000000
8.200000 2.279885 -8.598424 0.000000
8.210000 2.285837 -8.621253 0.000000
8.220000 2.291660 -8.644141 0.000000
8.230000 2.297354 -8.667086 0.000000
8.240000 2.302918 -8.690087 0.000000
8.250000 2.308352 -8.713144 0.000000
8.260000 2.313655 -8.736254 0.000000
8.270000 2.318827 -8.759416 0.000000
8.280000 2.323867 -8.782630 0.000000
8.290000 2.328774 -8.805893 0.000000
8.300000 2.333549 -8.829205 0.000000
8.310000 2.338190 -8.852564 0.000000
8.320000 2.342697 -8.875968 0.000000
8.330000 2.347070 -8.899417 0.000000
8.340000 2.351309 -8.922909 0.000000
8.350000 2.355412 -8.946443 0.000000
8.360000 2.359380 -8.970017 0.000000
8.370000 2.363212 -8.993630 0.000000
8.380000 2.366907 -9.017281 0.000000
8.390000 2.370466 -9.040968 0.000000
8.400000 2.373888 -9.064690 0.000000
8.410000 2.377172 -9.088445 0.000000
8.420000 2.380319 -9.112233 0.000000
8.430000 2.383327 -9.136051 0.000000
8.440000 2.386197 -9.159899 0.000000
8.450000 2.388929 -9.183775 0.000000
8.460000 2.391522 -9.207677 0.000000
8.470000 2.393975 -9.231605 0.000000
8.480000 2.396290 -9.255556 0.000000
8.490000 2.398464 -9.279530 0.000000
8.500000 2.400499 -9.303525 0.000000
8.510000 2.402394 -9.327539 0.000000
8.520000 2.404148 -9.351572 0.000000
8.530000 2.405762 -9.375622 0.000000
8.540000 2.407236 -9.399687 0.000000
8.550000 2.408568 -9.423766 0.000000
8.560000 2.409760 -9.447858 0.000000
8.570000 2.410811 -9.471961 0.000000
8.580000 2.411721 -9.496074 0.000000
8.590000 2.412490 -9.520195 0.000000
8.600000 2.413117 -9.544323 0.000000
8.610000 2.413603 -9.568457 0.000000
8.620000 2.413948 -9.592595 0.000000
8.630000 2.414151 -9.616735 0.000000
8.640000 2.414213 -9.640877 0.000000
8.650000 2.414134 -9.665019 0.000000
8.660000 2.413913 -9.689159 0.000000
8.670000 2.413551 -9.713297 0.000000
8.680000 2.413047 -9.737430 0.000000
8.690000 2.412402 -9.761557 0.000000
8.700000 2.411616 -9.785677 0.000000
8.710000 2.410689 -9.809789 0.000000
8.720000 2.409620 -9.833891 0.000000
8.730000 2.408411 -9.857981 0.000000
8.740000 2.407061 -9.882058 0.000000
8.750000 2.405570 -9.906122 0.000000
8.760000 2.403938 -9.930169 0.000000
8.770000 2.402166 -9.954200 0.000000
8.780000 2.400254 -9.978212 0.000000
8.790000 2.398202 -10.002205 0.000000
8.800000 2.396010 -10.026176 0.000000
8.810000 2.393679 -10.050124 0.000000
8.820000 2.391208 -10.074049 0.000000
8.830000 2.388598 -10.097948 0.000000
8.840000 2.385849 -10.121820 0.000000
8.850000 2.382961 -10.145665 0.000000
8.860000 2.379936 -10.169479 0.000000
8.870000 2.376772 -10.193263 0.000000
8.880000 2.373471 -10.217014 0.000000
8.890000 2.370032 -10.240732 0.000000
8.900000 2.366456 -10.264414 0.000000
8.910000 2.362744 -10.288060 0.000000
8.920000 2.358895 -10.311669 0.000000
8.930000 2.354910 -10.335238 0.000000
8.940000 2.350790 -10.358767 0.000000
8.950000 2.346535 -10.382253 0.000000
8.960000 2.342145 -10.405697 0.000000
8.970000 2.337621 -10.429096 0.000000
8.980000 2.332964 -10.452449 0.000000
8.990000 2.328173 -10.475755 0.000000
9.000000 2.323249 -10.499012 0.000000
9.010000 2.318193 -10.522219 0.000000
9.020000 2.313005 -10.545375 0.000000
9.030000 2.307685 -10.568479 0.000000
9.040000 2.302235 -10.591528 0.000000
9.050000 2.296655 -10.614523 0.000000
9.060000 2.290945 -10.637461 0.000000
9.070000 2.285106 -10.660341 0.000000
9.080000 2.279138 -10.683163 0.000000
9.090000 2.273043 -10.705924 0.000000
9.100000 2.266820 -10.728623 0.000000
9.110000 2.260470 -10.751260 0.000000
9.120000 2.253995 -10.773832 0.000000
9.130000 2.247394 -10.796339 0.000000
9.140000 2.240668 -10.818780 0.000000
9.150000 2.233819 -10.841152 0.000000
9.160000 2.226846 -10.863456 0.000000
9.170000 2.219750 -10.885689 0.000000
9.180000 2.212532 -10.907850 0.000000
9.190000 2.205193 -10.929939 0.000000
9.200000 2.197734 -10.951954 0.000000
9.210000 2.190154 -10.973893 0.000000
9.220000 2.182456 -10.995756 0.000000
9.230000 2.174639 -11.017542 0.000000
9.240000 2.166705 -11.039249 0.000000
9.250000 2.158655 -11.060876 0.000000
9.260000 2.150488 -11.082421 0.000000
9.270000 2.142207 -11.103885 0.000000
9.280000 2.133811 -11.125265 0.000000
9.290000 2.125301 -11.146561 0.000000
9.300000 2.116680 -11.167771 0.000000
9.310000 2.107946 -11.188894 0.000000
9.320000 2.099102 -11.209929 0.000000
9.330000 2.090148 -11.230876 0.000000
9.340000 2.081085 -11.251732 0.000000
9.350000 2.071914 -11.272497 0.000000
9.360000 2.062635 -11.293170 0.000000
9.370000 2.053251 -11.313749 0.000000
9.380000 2.043761 -11.334235 0.000000
9.390000 2.034166 -11.354624 0.000000
9.400000 2.024468 -11.374918 0.000000
9.410000 2.014668 -11.395113 0.000000
9.420000 2.004767 -11.415211 0.000000
9.430000 1.994764 -11.435208 0.000000
9.440000 1.984663 -11.455106 0.000000
9.450000 1.974463 -11.474901 0.000000
9.460000 1.964165 -11.494595 0.000000
9.470000 1.953771 -11.514184 0.000000
9.480000 1.943282 -11.533670 0.000000
9.490000 1.932698 -11.553050 0.000000
9.500000 1.922021 -11.572323 0.000000
9.510000 1.911252 -11.591490 0.000000
9.520000 1.900392 -11.610548 0.000000
9.530000 1.889441 -11.629497 0.000000
9.540000 1.878402 -11.648337 0.000000
9.550000 1.867275 -11.667065 0.000000
9.560000 1.856061 -11.685682 0.000000
9.570000 1.844762 -11.704186 0.000000
9.580000 1.833378 -11.722577 0.000000
9.590000 1.821911 -11.740853 0.000000
9.600000 1.810361 -11.759015 0.000000
9.610000 1.798731 -11.777060 0.000000
9.620000 1.787020 -11.794989 0.000000
9.630000 1.775231 -11.812800 0.000000
9.640000 1.763365 -11.830493 0.000000
9.650000 1.751422 -11.848067 0.000000
9.660000 1.739404 -11.865522 0.000000
9.670000 1.727312 -11.882855 0.000000
9.680000 1.715147 -11.900068 0.000000
9.690000 1.702911 -11.917158 0.000000
9.700000 1.690604 -11.934126 0.000000
9.710000 1.678229 -11.950970 0.000000
9.720000 1.665785 -11.967690 0.000000
9.730000 1.653275 -11.984285 0.000000
9.740000 1.640700 -12.000755 0.000000
9.750000 1.628061 -12.017099 0.000000
9.760000 1.615358 -12.033316 0.000000
9.770000 1.602595 -12.049406 0.000000
9.780000 1.589771 -12.065368 0.000000
9.790000 1.576888 -12.081201 0.000000
9.800000 1.563947 -12.096905 0.000000
9.810000 1.550950 -12.112480 0.000000
9.820000 1.537898 -12.127924 0.000000
9.830000 1.524792 -12.143238 0.000000
9.840000 1.511634 -12.158420 0.000000
9.850000 1.498424 -12.173470 0.000000
9.860000 1.485165 -12.188388 0.000000
9.870000 1.471857 -12.203173 0.000000
9.880000 1.458502 -12.217825 0.000000
9.890000 1.445101 -12.232343 0.000000
9.900000 1.431655 -12.246727 0.000000
9.910000 1.418167 -12.260976 0.000000
9.920000 1.404636 -12.275090 0.000000
9.930000 1.391065 -12.289069 0.000000
9.940000 1.377455 -12.302911 0.000000
9.950000 1.363808 -12.316618 0.000000
9.960000 1.350123 -12.330187 0.000000
9.970000 1.336404 -12.343620 0.000000
9.980000 1.322651 -12.356915 0.000000
9.990000 1.308866 -12.370073 0.000000
10.000000 1.295050 -12.383093 0.000000
10.010000 1.281205 -12.395974 0.000000
10.020000 1.267331 -12.408717 0.000000
10.030000 1.253431 -12.421320 0.000000
10.040000 1.239505 -12.433785 0.000000
10.050000 1.225556 -12.446111 0.000000
10.060000 1.211584 -12.458296 0.000000
10.070000 1.197590 -12.470342 0.000000
10.080000 1.183577 -12.482248 0.000000
10.090000 1.169546 -12.494014 0.000000
10.100000 1.155498 -12.505639 0.000000
10.110000 1.141434 -12.517123 0.000000
10.120000 1.127356 -12.528467 0.000000
10.130000 1.113265 -12.539671 0.000000
10.140000 1.099163 -12.550733 0.000000
10.150000 1.085051 -12.561654 0.000000
10.160000 1.070930 -12.572434 0.000000
10.170000 1.056802 -12.583072 0.000000
10.180000 1.042669 -12.593570 0.000000
10.190000 1.028531 -12.603926 0.000000
10.200000 1.014391 -12.614140 0.000000
10.210000 1.000249 -12.624214 0.000000
10.220000 0.986107 -12.634145 0.000000
10.230000 0.971967 -12.643936 0.000000
10.240000 0.957829 -12.653585 0.000000
10.250000 0.943695 -12.663092 0.000000
10.260000 0.929568 -12.672459 0.000000
10.270000 0.915447 -12.681684 0.000000
10.280000 0.901334 -12.690768 0.000000
10.290000 0.887232 -12.699710 0.000000
10.300000 0.873141 -12.708512 0.000000
10.310000 0.859062 -12.717173 0.000000
10.320000 0.844998 -12.725694 0.000000
10.330000 0.830949 -12.734073 0.000000
10.340000 0.816917 -12.742313 0.000000
10.350000 0.802903 -12.750412 0.000000
10.360000 0.788909 -12.758371 0.000000
10.370000 0.774936 -12.766190 0.000000
10.380000 0.760986 -12.773869 0.000000
10.390000 0.747059 -12.781410 0.000000
10.400000 0.733158 -12.788811 0.000000
10.410000 0.719283 -12.796073 0.000000
10.420000 0.705437 -12.803196 0.000000
10.430000 0.691620 -12.810182 0.000000
10.440000 0.677834 -12.817029 0.000000
10.450000 0.664080 -12.823739 0.000000
10.460000 0.650359 -12.830311 0.000000
10.470000 0.636674 -12.836746 0.000000
10.480000 0.623025 -12.843044 0.000000
10.490000 0.609413 -12.849206 0.000000
10.500000 0.595841 -12.855233 0.000000
10.510000 0.582309 -12.861123 0.000000
10.520000 0.568819 -12.866879 0.000000
10.530000 0.555372 -12.872500 0.000000
10.540000 0.541970 -12.877987 0.000000
10.550000 0.528613 -12.883339 0.000000
10.560000 0.515303 -12.888559 0.000000
10.570000 0.502042 -12.893646 0.000000
10.580000 0.488831 -12.898600 0.000000
10.590000 0.475671 -12.903422 0.000000
10.600000 0.462563 -12.908114 0.000000
10.610000 0.449509 -12.912674 0.000000
10.620000 0.436510 -12.917104 0.000000
10.630000 0.423567 -12.921404 0.000000
10.640000 0.410682 -12.925576 0.000000
10.650000 0.397856 -12.929618 0.000000
10.660000 0.385090 -12.933533 0.000000
10.670000 0.372386 -12.937320 0.000000
10.680000 0.359744 -12.940981 0.000000
10.690000 0.347167 -12.944515 0.000000
10.700000 0.334654 -12.947924 0.000000
10.710000 0.322208 -12.951209 0.000000
10.720000 0.309831 -12.954369 0.000000
10.730000 0.297522 -12.957405 0.000000
10.740000 0.285283 -12.960319 0.000000
10.750000 0.273116 -12.963111 0.000000
10.760000 0.261021 -12.965782 0.000000
10.770000 0.249000 -12.968332 0.000000
10.780000 0.237055 -12.970762 0.000000
10.790000 0.225185 -12.973073 0.000000
10.800000 0.213394 -12.975266 0.000000
10.810000 0.201681 -12.977341 0.000000
10.820000 0.190047 -12.979300 0.000000
10.830000 0.178495 -12.981143 0.000000
10.840000 0.167025 -12.982870 0.000000
10.850000 0.155638 -12.984483 0.000000
10.860000 0.144335 -12.985983 0.000000
10.870000 0.133119 -12.987370 0.000000
10.880000 0.121988 -12.988646 0.000000
10.890000 0.110946 -12.989810 0.000000
10.900000 0.099993 -12.990865 0.000000
10.910000 0.089129 -12.991811 0.000000
10.920000 0.078357 -12.992648 0.000000
10.930000 0.067677 -12.993378 0.000000
10.940000 0.057090 -12.994002 0.000000
10.950000 0.046597 -12.994520 0.000000
10.960000 0.036199 -12.994934 0.000000
10.970000 0.025899 -12.995244 0.000000
10.980000 0.015695 -12.995452 0.000000
10.990000 0.005590 -12.995559 0.000000
11.000000 -0.004416 -12.995565 0.000000
11.010000 -0.014321 -12.995471 0.000000
11.020000 -0.024125 -12.995278 0.000000
11.030000 -0.033826 -12.994989 0.000000
11.040000 -0.043424 -12.994602 0.000000
11.050000 -0.052918 -12.994120 0.000000
11.060000 -0.062307 -12.993544 0.000000
11.070000 -0.071589 -12.992875 0.000000
11.080000 -0.080764 -12.992113 0.000000
11.090000 -0.089831 -12.991260 0.000000
11.100000 -0.098789 -12.990317 0.000000
11.110000 -0.107637 -12.989284 0.000000
11.120000 -0.116374 -12.988164 0.000000
11.130000 -0.125000 -12.986957 0.000000
11.140000 -0.133513 -12.985665 0.000000
11.150000 -0.141913 -12.984287 0.000000
11.160000 -0.150198 -12.982827 0.000000
11.170000 -0.158369 -12.981284 0.000000
11.180000 -0.166424 -12.979660 0.000000
11.190000 -0.174362 -12.977956 0.000000
11.200000 -0.182183 -12.976173 0.000000
11.210000 -0.189885 -12.974312 0.000000
11.220000 -0.197469 -12.972376 0.000000
11.230000 -0.204932 -12.970363 0.000000
11.240000 -0.212276 -12.968277 0.000000
11.250000 -0.219498 -12.966118 0.000000
11.260000 -0.226598 -12.963888 0.000000
11.270000 -0.233575 -12.961587 0.000000
11.280000 -0.240429 -12.959217 0.000000
11.290000 -0.247159 -12.956779 0.000000
11.300000 -0.253765 -12.954274 0.000000
11.310000 -0.260245 -12.951704 0.000000
11.320000 -0.266598 -12.949069 0.000000
11.330000 -0.272826 -12.946372 0.000000
11.340000 -0.278926 -12.943613 0.000000
11.350000 -0.284898 -12.940794 0.000000
11.360000 -0.290741 -12.937916 0.000000
11.370000 -0.296456 -12.934980 0.000000
11.380000 -0.302041 -12.931987 0.000000
11.390000 -0.307495 -12.928939 0.000000
11.400000 -0.312819 -12.925838 0.000000
11.410000 -0.318012 -12.922683 0.000000
11.420000 -0.323073 -12.919478 0.000000
11.430000 -0.328001 -12.916222 0.000000
11.440000 -0.332797 -12.912918 0.000000
11.450000 -0.337460 -12.909567 0.000000
11.460000 -0.341988 -12.906170 0.000000
11.470000 -0.346383 -12.902728 0.000000
11.480000 -0.350643 -12.899242 0.000000
11.490000 -0.354768 -12.895715 0.000000
11.500000 -0.358757 -12.892147 0.000000
11.510000 -0.362610 -12.888540 0.000000
11.520000 -0.366328 -12.884896 0.000000
11.530000 -0.369908 -12.881214 0.000000
11.540000 -0.373352 -12.877498 0.000000
11.550000 -0.376658 -12.873748 0.000000
11.560000 -0.379827 -12.869965 0.000000
11.570000 -0.382857 -12.866152 0.000000
11.580000 -0.385750 -12.862309 0.000000
11.590000 -0.388503 -12.858437 0.000000
11.600000 -0.391118 -12.854539 0.000000
11.610000 -0.393594 -12.850615 0.000000
11.620000 -0.395930 -12.846668 0.000000
11.630000 -0.398127 -12.842697 0.000000
11.640000 -0.400184 -12.838705 0.000000
11.650000 -0.402101 -12.834694 0.000000
11.660000 -0.403878 -12.830664 0.000000
11.670000 -0.405515 -12.826617 0.000000
11.680000 -0.407010 -12.822554 0.000000
11.690000 -0.408366 -12.818477 0.000000
11.700000 -0.409580 -12.814387 0.000000
11.710000 -0.410653 -12.810286 0.000000
11.720000 -0.411586 -12.806175 0.000000
11.730000 -0.412377 -12.802055 0.000000
11.740000 -0.413027 -12.797928 0.000000
11.750000 -0.413535 -12.793795 0.000000
11.760000 -0.413903 -12.789657 0.000000
11.770000 -0.414128 -12.785517 0.000000
11.780000 -0.414213 -12.781375 0.000000
11.790000 -0.414156 -12.777233 0.000000
11.800000 -0.413958 -12.773093 0.000000
11.810000 -0.413618 -12.768955 0.000000
11.820000 -0.413137 -12.764821 0.000000
11.830000 -0.412514 -12.760692 0.000000
11.840000 -0.411751 -12.756571 0.000000
11.850000 -0.410846 -12.752458 0.000000
11.860000 -0.409800 -12.748354 0.000000
11.870000 -0.408613 -12.744262 0.000000
11.880000 -0.407285 -12.740183 0.000000
11.890000 -0.405817 -12.736117 0.000000
11.900000 -0.404207 -12.732067 0.000000
11.910000 -0.402458 -12.728033 0.000000
11.920000 -0.400568 -12.724018 0.000000
11.930000 -0.398538 -12.720022 0.000000
11.940000 -0.396369 -12.716048 0.000000
11.950000 -0.394059 -12.712096 0.000000
11.960000 -0.391611 -12.708167 0.000000
11.970000 -0.389023 -12.704264 0.000000
11.980000 -0.386296 -12.700387 0.000000
11.990000 -0.383431 -12.696538 0.000000
12.000000 -0.380427 -12.692719 0.000000
12.010000 -0.377285 -12.688930 0.000000
12.020000 -0.374006 -12.685174 0.000000
12.030000 -0.370589 -12.681451 0.000000
12.040000 -0.367035 -12.677762 0.000000
12.050000 -0.363344 -12.674110 0.000000
12.060000 -0.359517 -12.670496 0.000000
12.070000 -0.355554 -12.666921 0.000000
12.080000 -0.351456 -12.663385 0.000000
12.090000 -0.347222 -12.659892 0.000000
12.100000 -0.342854 -12.656441 0.000000
12.110000 -0.338351 -12.653035 0.000000
12.120000 -0.333714 -12.649675 0.000000
12.130000 -0.328945 -12.646361 0.000000
12.140000 -0.324042 -12.643096 0.000000
12.150000 -0.319007 -12.639881 0.000000
12.160000 -0.313840 -12.636717 0.000000
12.170000 -0.308541 -12.633605 0.000000
12.180000 -0.303112 -12.630546 0.000000
12.190000 -0.297552 -12.627543 0.000000
12.200000 -0.291863 -12.624596 0.000000
12.210000 -0.286044 -12.621706 0.000000
12.220000 -0.280097 -12.618875 0.000000
12.230000 -0.274022 -12.616104 0.000000
12.240000 -0.267820 -12.613395 0.000000
12.250000 -0.261490 -12.610749 0.000000
12.260000 -0.255035 -12.608166 0.000000
12.270000 -0.248454 -12.605648 0.000000
12.280000 -0.241748 -12.603197 0.000000
12.290000 -0.234918 -12.600814 0.000000
12.300000 -0.227964 -12.598499 0.000000
12.310000 -0.220888 -12.596255 0.000000
12.320000 -0.213690 -12.594082 0.000000
12.330000 -0.206370 -12.591981 0.000000
12.340000 -0.198930 -12.589955 0.000000
12.350000 -0.191369 -12.588003 0.000000
12.360000 -0.183690 -12.586128 0.000000
12.370000 -0.175892 -12.584330 0.000000
12.380000 -0.167977 -12.582610 0.000000
12.390000 -0.159945 -12.580971 0.000000
12.400000 -0.151796 -12.579412 0.000000
12.410000 -0.143533 -12.577935 0.000000
12.420000 -0.135155 -12.576542 0.000000
12.430000 -0.126664 -12.575232 0.000000
12.440000 -0.118060 -12.574009 0.000000
12.450000 -0.109345 -12.572872 0.000000
12.460000 -0.100518 -12.571822 0.000000
12.470000 -0.091581 -12.570862 0.000000
12.480000 -0.082536 -12.569991 0.000000
12.490000 -0.073382 -12.569211 0.000000
12.500000 -0.064120 -12.568524 0.000000
12.510000 -0.054752 -12.567929 0.000000
12.520000 -0.045279 -12.567429 0.000000
12.530000 -0.035701 -12.567024 0.000000
12.540000 -0.026020 -12.566715 0.000000
12.550000 -0.016236 -12.566504 0.000000
12.560000 -0.006350 -12.566391 0.000000
12.570000 0.003636 -12.566377 0.000000
12.580000 0.013722 -12.566464 0.000000
12.590000 0.023906 -12.566652 0.000000
12.600000 0.034188 -12.566942 0.000000
12.610000 0.044567 -12.567336 0.000000
12.620000 0.055041 -12.567834 0.000000
12.630000 0.065610 -12.568437 0.000000
12.640000 0.076272 -12.569147 0.000000
12.650000 0.087027 -12.569963 0.000000
12.660000 0.097873 -12.570887 0.000000
12.670000 0.108809 -12.571921 0.000000
12.680000 0.119834 -12.573064 0.000000
12.690000 0.130947 -12.574318 0.000000
12.700000 0.142147 -12.575683 0.000000
12.710000 0.153433 -12.577161 0.000000
12.720000 0.164804 -12.578752 0.000000
12.730000 0.176258 -12.580457 0.000000
12.740000 0.187794 -12.582277 0.000000
12.750000 0.199412 -12.584213 0.000000
12.760000 0.211109 -12.586266 0.000000
12.770000 0.222886 -12.588436 0.000000
12.780000 0.234740 -12.590724 0.000000
12.790000 0.246671 -12.593131 0.000000
12.800000 0.258677 -12.595658 0.000000
12.810000 0.270758 -12.598305 0.000000
12.820000 0.282911 -12.601073 0.000000
12.830000 0.295136 -12.603963 0.000000
12.840000 0.307431 -12.606976 0.000000
12.850000 0.319796 -12.610112 0.000000
12.860000 0.332228 -12.613372 0.000000
12.870000 0.344728 -12.616757 0.000000
12.880000 0.357293 -12.620267 0.000000
12.890000 0.369922 -12.623903 0.000000
12.900000 0.382614 -12.627666 0.000000
12.910000 0.395368 -12.631555 0.000000
12.920000 0.408183 -12.635573 0.000000
12.930000 0.421057 -12.639719 0.000000
12.940000 0.433988 -12.643994 0.000000
12.950000 0.446976 -12.648399 0.000000
12.960000 0.460020 -12.652934 0.000000
12.970000 0.473117 -12.657600 0.000000
12.980000 0.486267 -12.662397 0.000000
12.990000 0.499469 -12.667325 0.000000
13.000000 0.512720 -12.672386 0.000000
13.010000 0.526021 -12.677580 0.000000
13.020000 0.539368 -12.682907 0.000000
13.030000 0.552762 -12.688367 0.000000
13.040000 0.566200 -12.693962 0.000000
13.050000 0.579682 -12.699692 0.000000
13.060000 0.593206 -12.705556 0.000000
13.070000 0.606771 -12.711556 0.000000
13.080000 0.620375 -12.717691 0.000000
13.090000 0.634016 -12.723963 0.000000
13.100000 0.647695 -12.730372 0.000000
13.110000 0.661409 -12.736917 0.000000
13.120000 0.675156 -12.743600 0.000000
13.130000 0.688936 -12.750421 0.000000
13.140000 0.702747 -12.757379 0.000000
13.150000 0.716588 -12.764476 0.000000
13.160000 0.730457 -12.771711 0.000000
13.170000 0.744353 -12.779085 0.000000
13.180000 0.758275 -12.786598 0.000000
13.190000 0.772221 -12.794250 0.000000
13.200000 0.786190 -12.802043 0.000000
13.210000 0.800180 -12.809974 0.000000
13.220000 0.814190 -12.818046 0.000000
13.230000 0.828218 -12.826258 0.000000
13.240000 0.842264 -12.834611 0.000000
13.250000 0.856326 -12.843104 0.000000
13.260000 0.870401 -12.851737 0.000000
13.270000 0.884490 -12.860512 0.000000
13.280000 0.898591 -12.869427 0.000000
13.290000 0.912701 -12.878483 0.000000
13.300000 0.926821 -12.887681 0.000000
13.310000 0.940947 -12.897020 0.000000
13.320000 0.955080 -12.906500 0.000000
13.330000 0.969217 -12.916122 0.000000
13.340000 0.983357 -12.925884 0.000000
13.350000 0.997499 -12.935789 0.000000
13.360000 1.011641 -12.945834 0.000000
13.370000 1.025781 -12.956021 0.000000
13.380000 1.039920 -12.966350 0.000000
13.390000 1.054054 -12.976820 0.000000
13.400000 1.068183 -12.987431 0.000000
13.410000 1.082305 -12.998183 0.000000
13.420000 1.096419 -13.009077 0.000000
13.430000 1.110523 -13.020112 0.000000
13.440000 1.124616 -13.031288 0.000000
13.450000 1.138697 -13.042604 0.000000
13.460000 1.152763 -13.054061 0.000000
13.470000 1.166815 -13.065659 0.000000
13.480000 1.180850 -13.077398 0.000000
13.490000 1.194867 -13.089276 0.000000
13.500000 1.208864 -13.101295 0.000000
13.510000 1.222840 -13.113453 0.000000
13.520000 1.236794 -13.125752 0.000000
13.530000 1.250725 -13.138189 0.000000
13.540000 1.264630 -13.150766 0.000000
13.550000 1.278509 -13.163482 0.000000
13.560000 1.292360 -13.176336 0.000000
13.570000 1.306182 -13.189329 0.000000
13.580000 1.319973 -13.202460 0.000000
13.590000 1.333732 -13.215728 0.000000
13.600000 1.347458 -13.229134 0.000000
13.610000 1.361149 -13.242677 0.000000
13.620000 1.374804 -13.256357 0.000000
13.630000 1.388421 -13.270173 0.000000
13.640000 1.402000 -13.284125 0.000000
13.650000 1.415538 -13.298213 0.000000
13.660000 1.429035 -13.312436 0.000000
13.670000 1.442489 -13.326794 0.000000
13.680000 1.455899 -13.341286 0.000000
13.690000 1.469263 -13.355911 0.000000
13.700000 1.482580 -13.370671 0.000000
13.710000 1.495849 -13.385563 0.000000
13.720000 1.509068 -13.400588 0.000000
13.730000 1.522237 -13.415744 0.000000
13.740000 1.535353 -13.431032 0.000000
13.750000 1.548416 -13.446451 0.000000
13.760000 1.561424 -13.462000 0.000000
13.770000 1.574375 -13.477679 0.000000
13.780000 1.587270 -13.493488 0.000000
13.790000 1.600105 -13.509424 0.000000
13.800000 1.612881 -13.525489 0.000000
13.810000 1.625595 -13.541682 0.000000
13.820000 1.638247 -13.558001 0.000000
13.830000 1.650835 -13.574447 0.000000
13.840000 1.663357 -13.591018 0.000000
13.850000 1.675814 -13.607714 0.000000
13.860000 1.688203 -13.624534 0.000000
13.870000 1.700523 -13.641477 0.000000
13.880000 1.712773 -13.658544 0.000000
13.890000 1.724951 -13.675733 0.000000
13.900000 1.737058 -13.693043 0.000000
13.910000 1.749090 -13.710473 0.000000
13.920000 1.761048 -13.728024 0.000000
13.930000 1.772929 -13.745694 0.000000
13.940000 1.784734 -13.763483 0.000000
13.950000 1.796459 -13.781389 0.000000
13.960000 1.808105 -13.799411 0.000000
13.970000 1.819671 -13.817550 0.000000
13.980000 1.831154 -13.835805 0.000000
13.990000 1.842554 -13.854173 0.000000
14.000000 1.853870 -13.872655 0.000000
14.010000 1.865101 -13.891250 0.000000
14.020000 1.876245 -13.909957 0.000000
14.030000 1.887301 -13.928775 0.000000
14.040000 1.898269 -13.947703 0.000000
14.050000 1.909147 -13.966740 0.000000
14.060000 1.919934 -13.985886 0.000000
14.070000 1.930629 -14.005138 0.000000
14.080000 1.941231 -14.024498 0.000000
14.090000 1.951738 -14.043963 0.000000
14.100000 1.962151 -14.063532 0.000000
14.110000 1.972467 -14.083205 0.000000
14.120000 1.982687 -14.102981 0.000000
14.130000 1.992807 -14.122859 0.000000
14.140000 2.002829 -14.142837 0.000000
14.150000 2.012750 -14.162915 0.000000
14.160000 2.022570 -14.183092 0.000000
14.170000 2.032288 -14.203366 0.000000
14.180000 2.041903 -14.223737 0.000000
14.190000 2.051413 -14.244204 0.000000
14.200000 2.060818 -14.264765 0.000000
14.210000 2.070118 -14.285420 0.000000
14.220000 2.079310 -14.306167 0.000000
14.230000 2.088394 -14.327006 0.000000
14.240000 2.097369 -14.347935 0.000000
14.250000 2.106235 -14.368953 0.000000
14.260000 2.114990 -14.390059 0.000000
14.270000 2.123633 -14.411252 0.000000
14.280000 2.132165 -14.432531 0.000000
14.290000 2.140583 -14.453895 0.000000
14.300000 2.148886 -14.475342 0.000000
14.310000 2.157075 -14.496872 0.000000
14.320000 2.165149 -14.518484 0.000000
14.330000 2.173105 -14.540175 0.000000
14.340000 2.180945 -14.561945 0.000000
14.350000 2.188666 -14.583793 0.000000
14.360000 2.196269 -14.605718 0.000000
14.370000 2.203752 -14.627718 0.000000
14.380000 2.211114 -14.649793 0.000000
14.390000 2.218356 -14.671940 0.000000
14.400000 2.225475 -14.694160 0.000000
14.410000 2.232472 -14.716449 0.000000
14.420000 2.239346 -14.738809 0.000000
14.430000 2.246096 -14.761236 0.000000
14.440000 2.252721 -14.783730 0.000000
14.450000 2.259221 -14.806290 0.000000
14.460000 2.265595 -14.828914 0.000000
14.470000 2.271842 -14.851601 0.000000
14.480000 2.277963 -14.874351 0.000000
14.490000 2.283955 -14.897160 0.000000
14.500000 2.289819 -14.920029 0.000000
14.510000 2.295554 -14.942956 0.000000
14.520000 2.301160 -14.965940 0.000000
14.530000 2.306635 -14.988979 0.000000
14.540000 2.311980 -15.012072 0.000000
14.550000 2.317194 -15.035218 0.000000
14.560000 2.322276 -15.058416 0.000000
14.570000 2.327225 -15.081663 0.000000
14.580000 2.332042 -15.104960 0.000000
14.590000 2.336726 -15.128304 0.000000
14.600000 2.341276 -15.151694 0.000000
14.610000 2.345692 -15.175129 0.000000
14.620000 2.349973 -15.198607 0.000000
14.630000 2.354120 -15.222128 0.000000
14.640000 2.358131 -15.245689 0.000000
14.650000 2.362006 -15.269290 0.000000
14.660000 2.365745 -15.292929 0.000000
14.670000 2.369347 -15.316604 0.000000
14.680000 2.372813 -15.340315 0.000000
14.690000 2.376141 -15.364060 0.000000
14.700000 2.379331 -15.387838 0.000000
14.710000 2.382384 -15.411646 0.000000
14.720000 2.385298 -15.435485 0.000000
14.730000 2.388074 -15.459352 0.000000
14.740000 2.390711 -15.483246 0.000000
14.750000 2.393209 -15.507166 0.000000
14.760000 2.395568 -15.531110 0.000000
14.770000 2.397787 -15.555076 0.000000
14.780000 2.399866 -15.579065 0.000000
14.790000 2.401805 -15.603073 0.000000
14.800000 2.403605 -15.627100 0.000000
14.810000 2.405263 -15.651145 0.000000
14.820000 2.406782 -15.675205 0.000000
14.830000 2.408159 -15.699280 0.000000
14.840000 2.409396 -15.723368 0.000000
14.850000 2.410492 -15.747467 0.000000
14.860000 2.411447 -15.771577 0.000000
14.870000 2.412260 -15.795696 0.000000
14.880000 2.412933 -15.819822 0.000000
14.890000 2.413464 -15.843954 0.000000
14.900000 2.413854 -15.868091 0.000000
14.910000 2.414102 -15.892231 0.000000
14.920000 2.414209 -15.916372 0.000000
14.930000 2.414174 -15.940514 0.000000
14.940000 2.413999 -15.964655 0.000000
14.950000 2.413681 -15.988794 0.000000
14.960000 2.413223 -16.012929 0.000000
14.970000 2.412623 -16.037058 0.000000
14.980000 2.411882 -16.061181 0.000000
14.990000 2.410999 -16.085295 0.000000
15.000000 2.409976 -16.109400 0.000000
15.010000 2.408811 -16.133494 0.000000
15.020000 2.407506 -16.157576 0.000000
15.030000 2.406060 -16.181644 0.000000
15.040000 2.404473 -16.205697 0.000000
15.050000 2.402746 -16.229733 0.000000
15.060000 2.400878 -16.253751 0.000000
15.070000 2.398871 -16.277750 0.000000
15.080000 2.396724 -16.301728 0.000000
15.090000 2.394436 -16.325684 0.000000
15.100000 2.392010 -16.349616 0.000000
15.110000 2.389444 -16.373524 0.000000
15.120000 2.386740 -16.397405 0.000000
15.130000 2.383896 -16.421258 0.000000
15.140000 2.380915 -16.445082 0.000000
15.150000 2.377795 -16.468876 0.000000
15.160000 2.374537 -16.492638 0.000000
15.170000 2.371142 -16.516366 0.000000
15.180000 2.367610 -16.540060 0.000000
15.190000 2.363941 -16.563718 0.000000
15.200000 2.360136 -16.587338 0.000000
15.210000 2.356194 -16.610920 0.000000
15.220000 2.352117 -16.634462 0.000000
15.230000 2.347905 -16.657962 0.000000
15.240000 2.343558 -16.681419 0.000000
15.250000 2.339077 -16.704833 0.000000
15.260000 2.334462 -16.728200 0.000000
15.270000 2.329713 -16.751521 0.000000
15.280000 2.324832 -16.774794 0.000000
15.290000 2.319817 -16.798018 0.000000
15.300000 2.314671 -16.821190 0.000000
15.310000 2.309394 -16.844311 0.000000
15.320000 2.303985 -16.867378 0.000000
15.330000 2.298446 -16.890390 0.000000
15.340000 2.292778 -16.913346 0.000000
15.350000 2.286980 -16.936245 0.000000
15.360000 2.281053 -16.959085 0.000000
15.370000 2.274998 -16.981866 0.000000
15.380000 2.268816 -17.004585 0.000000
15.390000 2.262507 -17.027242 0.000000
15.400000 2.256071 -17.049835 0.000000
15.410000 2.249510 -17.072363 0.000000
15.420000 2.242824 -17.094824 0.000000
15.430000 2.236014 -17.117219 0.000000
15.440000 2.229080 -17.139544 0.000000
15.450000 2.222023 -17.161800 0.000000
15.460000 2.214844 -17.183984 0.000000
15.470000 2.207544 -17.206096 0.000000
15.480000 2.200123 -17.228135 0.000000
15.490000 2.192581 -17.250098 0.000000
15.500000 2.184921 -17.271986 0.000000
15.510000 2.177142 -17.293796 0.000000
15.520000 2.169245 -17.315528 0.000000
15.530000 2.161232 -17.337181 0.000000
15.540000 2.153102 -17.358753 0.000000
15.550000 2.144857 -17.380243 0.000000
15.560000 2.136497 -17.401649 0.000000
15.570000 2.128024 -17.422972 0.000000
15.580000 2.119438 -17.444210 0.000000
15.590000 2.110740 -17.465361 0.000000
15.600000 2.101931 -17.486424 0.000000
15.610000 2.093012 -17.507399 0.000000
15.620000 2.083984 -17.528284 0.000000
15.630000 2.074847 -17.549078 0.000000
15.640000 2.065602 -17.569780 0.000000
15.650000 2.056251 -17.590390 0.000000
15.660000 2.046795 -17.610905 0.000000
15.670000 2.037234 -17.631325 0.000000
15.680000 2.027569 -17.651649 0.000000
15.690000 2.017801 -17.671876 0.000000
15.700000 2.007931 -17.692005 0.000000
15.710000 1.997961 -17.712035 0.000000
15.720000 1.987891 -17.731964 0.000000
15.730000 1.977722 -17.751792 0.000000
15.740000 1.967456 -17.771518 0.000000
15.750000 1.957092 -17.791141 0.000000
15.760000 1.946633 -17.810660 0.000000
15.770000 1.936079 -17.830073 0.000000
15.780000 1.925432 -17.849381 0.000000
15.790000 1.914692 -17.868582 0.000000
15.800000 1.903861 -17.887674 0.000000
15.810000 1.892939 -17.906659 0.000000
15.820000 1.881928 -17.925533 0.000000
15.830000 1.870829 -17.944297 0.000000
15.840000 1.859642 -17.962949 0.000000
15.850000 1.848370 -17.981489 0.000000
15.860000 1.837013 -17.999916 0.000000
15.870000 1.825572 -18.018229 0.000000
15.880000 1.814049 -18.036428 0.000000
15.890000 1.802444 -18.054510 0.000000
15.900000 1.790759 -18.072476 0.000000
15.910000 1.778995 -18.090325 0.000000
15.920000 1.767153 -18.108056 0.000000
15.930000 1.755234 -18.125668 0.000000
15.940000 1.743240 -18.143160 0.000000
15.950000 1.731171 -18.160532 0.000000
15.960000 1.719030 -18.177783 0.000000
15.970000 1.706816 -18.194913 0.000000
15.980000 1.694532 -18.211919 0.000000
15.990000 1.682178 -18.228803 0.000000
16.000000 1.669756 -18.245563 0.000000
16.010000 1.657267 -18.262198 0.000000
16.020000 1.644713 -18.278708 0.000000
16.030000 1.632094 -18.295092 0.000000
16.040000 1.619411 -18.311350 0.000000
16.050000 1.606667 -18.327480 0.000000
16.060000 1.593862 -18.343483 0.000000
16.070000 1.580998 -18.359357 0.000000
16.080000 1.568075 -18.375102 0.000000
16.090000 1.555096 -18.390718 0.000000
16.100000 1.542061 -18.406204 0.000000
16.110000 1.528972 -18.421559 0.000000
16.120000 1.515831 -18.436783 0.000000
16.130000 1.502637 -18.451876 0.000000
16.140000 1.489394 -18.466836 0.000000
16.150000 1.476101 -18.481664 0.000000
16.160000 1.462761 -18.496358 0.000000
16.170000 1.449374 -18.510919 0.000000
16.180000 1.435943 -18.525345 0.000000
16.190000 1.422468 -18.539637 0.000000
16.200000 1.408951 -18.553794 0.000000
16.210000 1.395392 -18.567816 0.000000
16.220000 1.381795 -18.581702 0.000000
16.230000 1.368159 -18.595452 0.000000
16.240000 1.354486 -18.609065 0.000000
16.250000 1.340778 -18.622542 0.000000
16.260000 1.327036 -18.635881 0.000000
16.270000 1.313261 -18.649082 0.000000
16.280000 1.299454 -18.662146 0.000000
16.290000 1.285618 -18.675071 0.000000
16.300000 1.271754 -18.687858 0.000000
16.310000 1.257862 -18.700506 0.000000
16.320000 1.243944 -18.713015 0.000000
16.330000 1.230002 -18.725385 0.000000
16.340000 1.216037 -18.737615 0.000000
16.350000 1.202050 -18.749706 0.000000
16.360000 1.188043 -18.761656 0.000000
16.370000 1.174017 -18.773466 0.000000
16.380000 1.159974 -18.785136 0.000000
16.390000 1.145915 -18.796666 0.000000
16.400000 1.131841 -18.808055 0.000000
16.410000 1.117754 -18.819303 0.000000
16.420000 1.103656 -18.830410 0.000000
16.430000 1.089547 -18.841376 0.000000
16.440000 1.075429 -18.852201 0.000000
16.450000 1.061303 -18.862884 0.000000
16.460000 1.047171 -18.873427 0.000000
16.470000 1.033035 -18.883828 0.000000
16.480000 1.018895 -18.894087 0.000000
16.490000 1.004754 -18.904206 0.000000
16.500000 0.990612 -18.914182 0.000000
16.510000 0.976471 -18.924018 0.000000
16.520000 0.962332 -18.933712 0.000000
16.530000 0.948197 -18.943264 0.000000
16.540000 0.934067 -18.952676 0.000000
16.550000 0.919944 -18.961946 0.000000
16.560000 0.905829 -18.971075 0.000000
16.570000 0.891723 -18.980062 0.000000
16.580000 0.877628 -18.988909 0.000000
16.590000 0.863545 -18.997615 0.000000
16.600000 0.849476 -19.006180 0.000000
16.610000 0.835422 -19.014605 0.000000
16.620000 0.821384 -19.022889 0.000000
16.630000 0.807365 -19.031032 0.000000
16.640000 0.793364 -19.039036 0.000000
16.650000 0.779384 -19.046900 0.000000
16.660000 0.765427 -19.054624 0.000000
16.670000 0.751492 -19.062208 0.000000
16.680000 0.737583 -19.069654 0.000000
16.690000 0.723700 -19.076960 0.000000
16.700000 0.709844 -19.084128 0.000000
16.710000 0.696018 -19.091157 0.000000
16.720000 0.682222 -19.098048 0.000000
16.730000 0.668457 -19.104802 0.000000
16.740000 0.654726 -19.111417 0.000000
16.750000 0.641029 -19.117896 0.000000
16.760000 0.627368 -19.124238 0.000000
16.770000 0.613745 -19.130444 0.000000
16.780000 0.600160 -19.136513 0.000000
16.790000 0.586615 -19.142447 0.000000
16.800000 0.573112 -19.148246 0.000000
16.810000 0.559651 -19.153909 0.000000
16.820000 0.546234 -19.159439 0.000000
16.830000 0.532862 -19.164834 0.000000
16.840000 0.519538 -19.170096 0.000000
16.850000 0.506261 -19.175225 0.000000
16.860000 0.493034 -19.180222 0.000000
16.870000 0.479857 -19.185086 0.000000
16.880000 0.466732 -19.189819 0.000000
16.890000 0.453661 -19.194421 0.000000
16.900000 0.440644 -19.198892 0.000000
16.910000 0.427684 -19.203234 0.000000
16.920000 0.414780 -19.207446 0.000000
16.930000 0.401935 -19.211530 0.000000
16.940000 0.389150 -19.215485 0.000000
16.950000 0.376426 -19.219313 0.000000
16.960000 0.363764 -19.223014 0.000000
16.970000 0.351166 -19.226588 0.000000
16.980000 0.338633 -19.230037 0.000000
16.990000 0.326166 -19.233361 0.000000
17.000000 0.313766 -19.236561 0.000000
17.010000 0.301435 -19.239637 0.000000
17.020000 0.289174 -19.242590 0.000000
17.030000 0.276983 -19.245420 0.000000
17.040000 0.264866 -19.248130 0.000000
17.050000 0.252821 -19.250718 0.000000
17.060000 0.240852 -19.253186 0.000000
17.070000 0.228958 -19.255535 0.000000
17.080000 0.217141 -19.257766 0.000000
17.090000 0.205403 -19.259878 0.000000
17.100000 0.193744 -19.261874 0.000000
17.110000 0.182166 -19.263754 0.000000
17.120000 0.170669 -19.265518 0.000000
17.130000 0.159256 -19.267167 0.000000
17.140000 0.147926 -19.268703 0.000000
17.150000 0.136682 -19.270126 0.000000
17.160000 0.125524 -19.271437 0.000000
17.170000 0.114454 -19.272637 0.000000
17.180000 0.103472 -19.273726 0.000000
17.190000 0.092580 -19.274707 0.000000
17.200000 0.081778 -19.275578 0.000000
17.210000 0.071068 -19.276342 0.000000
17.220000 0.060452 -19.277000 0.000000
17.230000 0.049929 -19.277552 0.000000
17.240000 0.039501 -19.277999 0.000000
17.250000 0.029169 -19.278342 0.000000
17.260000 0.018934 -19.278583 0.000000
17.270000 0.008798 -19.278721 0.000000
17.280000 -0.001240 -19.278759 0.000000
17.290000 -0.011177 -19.278697 0.000000
17.300000 -0.021013 -19.278536 0.000000
17.310000 -0.030747 -19.278277 0.000000
17.320000 -0.040378 -19.277921 0.000000
17.330000 -0.049905 -19.277470 0.000000
17.340000 -0.059328 -19.276923 0.000000
17.350000 -0.068644 -19.276283 0.000000
17.360000 -0.077853 -19.275551 0.000000
17.370000 -0.086954 -19.274727 0.000000
17.380000 -0.095947 -19.273812 0.000000
17.390000 -0.104830 -19.272808 0.000000
17.400000 -0.113603 -19.271716 0.000000
17.410000 -0.122264 -19.270536 0.000000
17.420000 -0.130813 -19.269271 0.000000
17.430000 -0.139249 -19.267920 0.000000
17.440000 -0.147572 -19.266486 0.000000
17.450000 -0.155779 -19.264969 0.000000
17.460000 -0.163871 -19.263371 0.000000
17.470000 -0.171846 -19.261692 0.000000
17.480000 -0.179704 -19.259935 0.000000
17.490000 -0.187444 -19.258099 0.000000
17.500000 -0.195066 -19.256186 0.000000
17.510000 -0.202568 -19.254198 0.000000
17.520000 -0.209950 -19.252135 0.000000
17.530000 -0.217210 -19.249999 0.000000
17.540000 -0.224349 -19.247791 0.000000
17.550000 -0.231366 -19.245513 0.000000
17.560000 -0.238259 -19.243164 0.000000
17.570000 -0.245029 -19.240748 0.000000
17.580000 -0.251674 -19.238264 0.000000
17.590000 -0.258194 -19.235715 0.000000
17.600000 -0.264588 -19.233101 0.000000
17.610000 -0.270856 -19.230423 0.000000
17.620000 -0.276997 -19.227684 0.000000
17.630000 -0.283009 -19.224884 0.000000
17.640000 -0.288894 -19.222024 0.000000
17.650000 -0.294650 -19.219106 0.000000
17.660000 -0.300276 -19.216132 0.000000
17.670000 -0.305772 -19.213101 0.000000
17.680000 -0.311138 -19.210017 0.000000
17.690000 -0.316372 -19.206879 0.000000
17.700000 -0.321475 -19.203690 0.000000
17.710000 -0.326446 -19.200450 0.000000
17.720000 -0.331284 -19.197161 0.000000
17.730000 -0.335989 -19.193825 0.000000
17.740000 -0.340560 -19.190442 0.000000
17.750000 -0.344998 -19.187014 0.000000
17.760000 -0.349300 -19.183542 0.000000
17.770000 -0.353468 -19.180028 0.000000
17.780000 -0.357501 -19.176473 0.000000
17.790000 -0.361398 -19.172879 0.000000
17.800000 -0.365158 -19.169246 0.000000
17.810000 -0.368783 -19.165576 0.000000
17.820000 -0.372270 -19.161871 0.000000
17.830000 -0.375620 -19.158131 0.000000
17.840000 -0.378832 -19.154359 0.000000
17.850000 -0.381907 -19.150555 0.000000
17.860000 -0.384843 -19.146721 0.000000
17.870000 -0.387641 -19.142859 0.000000
17.880000 -0.390300 -19.138969 0.000000
17.890000 -0.392821 -19.135053 0.000000
17.900000 -0.395201 -19.131113 0.000000
17.910000 -0.397443 -19.127150 0.000000
17.920000 -0.399544 -19.123164 0.000000
17.930000 -0.401506 -19.119159 0.000000
17.940000 -0.403327 -19.115135 0.000000
17.950000 -0.405009 -19.111093 0.000000
17.960000 -0.406549 -19.107035 0.000000
17.970000 -0.407949 -19.102963 0.000000
17.980000 -0.409208 -19.098877 0.000000
17.990000 -0.410327 -19.094779 0.000000
18.000000 -0.411304 -19.090671 0.000000
18.010000 -0.412140 -19.086553 0.000000
18.020000 -0.412835 -19.082428 0.000000
18.030000 -0.413389 -19.078297 0.000000
18.040000 -0.413801 -19.074161 0.000000
18.050000 -0.414072 -19.070021 0.000000
18.060000 -0.414201 -19.065880 0.000000
18.070000 -0.414189 -19.061738 0.000000
18.080000 -0.414036 -19.057597 0.000000
18.090000 -0.413741 -19.053458 0.000000
18.100000 -0.413305 -19.049322 0.000000
18.110000 -0.412728 -19.045192 0.000000
18.120000 -0.412009 -19.041068 0.000000
18.130000 -0.411149 -19.036952 0.000000
18.140000 -0.410148 -19.032846 0.000000
18.150000 -0.409006 -19.028750 0.000000
18.160000 -0.407723 -19.024666 0.000000
18.170000 -0.406300 -19.020596 0.000000
18.180000 -0.404735 -19.016540 0.000000
18.190000 -0.403030 -19.012502 0.000000
18.200000 -0.401185 -19.008480 0.000000
18.210000 -0.399200 -19.004478 0.000000
18.220000 -0.397075 -19.000497 0.000000
18.230000 -0.394810 -18.996537 0.000000
18.240000 -0.392406 -18.992601 0.000000
18.250000 -0.389862 -18.988690 0.000000
18.260000 -0.387180 -18.984804 0.000000
18.270000 -0.384358 -18.980946 0.000000
18.280000 -0.381399 -18.977118 0.000000
18.290000 -0.378301 -18.973319 0.000000
18.300000 -0.375065 -18.969552 0.000000
18.310000 -0.371692 -18.965818 0.000000
18.320000 -0.368182 -18.962119 0.000000
18.330000 -0.364534 -18.958455 0.000000
18.340000 -0.360751 -18.954828 0.000000
18.350000 -0.356831 -18.951240 0.000000
18.360000 -0.352776 -18.947692 0.000000
18.370000 -0.348585 -18.944185 0.000000
18.380000 -0.344260 -18.940721 0.000000
18.390000 -0.339800 -18.937301 0.000000
18.400000 -0.335206 -18.933925 0.000000
18.410000 -0.330478 -18.930597 0.000000
18.420000 -0.325618 -18.927316 0.000000
18.430000 -0.320625 -18.924085 0.000000
18.440000 -0.315500 -18.920904 0.000000
18.450000 -0.310243 -18.917775 0.000000
18.460000 -0.304855 -18.914700 0.000000
18.470000 -0.299337 -18.911679 0.000000
18.480000 -0.293689 -18.908714 0.000000
18.490000 -0.287912 -18.905805 0.000000
18.500000 -0.282006 -18.902956 0.000000
18.510000 -0.275971 -18.900166 0.000000
18.520000 -0.269809 -18.897437 0.000000
18.530000 -0.263520 -18.894770 0.000000
18.540000 -0.257105 -18.892167 0.000000
18.550000 -0.250564 -18.889628 0.000000
18.560000 -0.243897 -18.887156 0.000000
18.570000 -0.237107 -18.884751 0.000000
18.580000 -0.230193 -18.882414 0.000000
18.590000 -0.223155 -18.880147 0.000000
18.600000 -0.215996 -18.877951 0.000000
18.610000 -0.208715 -18.875828 0.000000
18.620000 -0.201313 -18.873778 0.000000
18.630000 -0.193790 -18.871802 0.000000
18.640000 -0.186149 -18.869902 0.000000
18.650000 -0.178389 -18.868079 0.000000
18.660000 -0.170511 -18.866335 0.000000
18.670000 -0.162516 -18.864670 0.000000
18.680000 -0.154404 -18.863085 0.000000
18.690000 -0.146178 -18.861582 0.000000
18.700000 -0.137836 -18.860162 0.000000
18.710000 -0.129381 -18.858826 0.000000
18.720000 -0.120813 -18.857574 0.000000
18.730000 -0.112133 -18.856410 0.000000
18.740000 -0.103342 -18.855332 0.000000
18.750000 -0.094440 -18.854343 0.000000
18.760000 -0.085429 -18.853444 0.000000
18.770000 -0.076309 -18.852635 0.000000
18.780000 -0.067082 -18.851918 0.000000
18.790000 -0.057748 -18.851294 0.000000
18.800000 -0.048308 -18.850763 0.000000
18.810000 -0.038763 -18.850328 0.000000
18.820000 -0.029115 -18.849988 0.000000
18.830000 -0.019363 -18.849746 0.000000
18.840000 -0.009510 -18.849601 0.000000
18.850000 0.000444 -18.849556 0.000000
18.860000 0.010498 -18.849611 0.000000
18.870000 0.020652 -18.849766 0.000000
18.880000 0.030903 -18.850024 0.000000
18.890000 0.041251 -18.850385 0.000000
18.900000 0.051695 -18.850849 0.000000
18.910000 0.062233 -18.851419 0.000000
18.920000 0.072866 -18.852094 0.000000
18.930000 0.083591 -18.852877 0.000000
18.940000 0.094408 -18.853766 0.000000
18.950000 0.105316 -18.854765 0.000000
18.960000 0.116312 -18.855873 0.000000
18.970000 0.127398 -18.857092 0.000000
18.980000 0.138570 -18.858421 0.000000
18.990000 0.149829 -18.859863 0.000000
19.000000 0.161173 -18.861418 0.000000
19.010000 0.172600 -18.863087 0.000000
19.020000 0.184110 -18.864870 0.000000
19.030000 0.195702 -18.866769 0.000000
19.040000 0.207375 -18.868785 0.000000
19.050000 0.219126 -18.870917 0.000000
19.060000 0.230956 -18.873168 0.000000
19.070000 0.242863 -18.875537 0.000000
19.080000 0.254845 -18.878025 0.000000
19.090000 0.266902 -18.880634 0.000000
19.100000 0.279032 -18.883363 0.000000
19.110000 0.291234 -18.886215 0.000000
19.120000 0.303507 -18.889188 0.000000
19.130000 0.315850 -18.892285 0.000000
19.140000 0.328261 -18.895505 0.000000
19.150000 0.340739 -18.898850 0.000000
19.160000 0.353284 -18.902320 0.000000
19.170000 0.365892 -18.905916 0.000000
19.180000 0.378565 -18.909639 0.000000
19.190000 0.391299 -18.913488 0.000000
19.200000 0.404095 -18.917465 0.000000
19.210000 0.416950 -18.921570 0.000000
19.220000 0.429863 -18.925804 0.000000
19.230000 0.442833 -18.930167 0.000000
19.240000 0.455859 -18.934661 0.000000
19.250000 0.468939 -18.939285 0.000000
19.260000 0.482073 -18.944040 0.000000
19.270000 0.495258 -18.948926 0.000000
19.280000 0.508494 -18.953945 0.000000
19.290000 0.521779 -18.959096 0.000000
19.300000 0.535112 -18.964381 0.000000
19.310000 0.548491 -18.969799 0.000000
19.320000 0.561915 -18.975351 0.000000
19.330000 0.575383 -18.981037 0.000000
19.340000 0.588894 -18.986859 0.000000
19.350000 0.602446 -18.992815 0.000000
19.360000 0.616037 -18.998908 0.000000
19.370000 0.629667 -19.005136 0.000000
19.380000 0.643334 -19.011501 0.000000
19.390000 0.657037 -19.018003 0.000000
19.400000 0.670773 -19.024642 0.000000
19.410000 0.684543 -19.031418 0.000000
19.420000 0.698345 -19.038333 0.000000
19.430000 0.712176 -19.045385 0.000000
19.440000 0.726036 -19.052577 0.000000
19.450000 0.739924 -19.059906 0.000000
19.460000 0.753838 -19.067375 0.000000
19.470000 0.767776 -19.074983 0.000000
19.480000 0.781738 -19.082731 0.000000
19.490000 0.795721 -19.090618 0.000000
19.500000 0.809725 -19.098645 0.000000
19.510000 0.823748 -19.106813 0.000000
19.520000 0.837788 -19.115120 0.000000
19.530000 0.851845 -19.123568 0.000000
19.540000 0.865916 -19.132157 0.000000
19.550000 0.880001 -19.140887 0.000000
19.560000 0.894098 -19.149757 0.000000
19.570000 0.908206 -19.158769 0.000000
19.580000 0.922322 -19.167921 0.000000
19.590000 0.936447 -19.177215 0.000000
19.600000 0.950578 -19.186650 0.000000
19.610000 0.964713 -19.196227 0.000000
19.620000 0.978853 -19.205945 0.000000
19.630000 0.992994 -19.215804 0.000000
19.640000 1.007136 -19.225804 0.000000
19.650000 1.021277 -19.235947 0.000000
19.660000 1.035417 -19.246230 0.000000
19.670000 1.049552 -19.256655 0.000000
19.680000 1.063683 -19.267221 0.000000
19.690000 1.077807 -19.277928 0.000000
19.700000 1.091924 -19.288777 0.000000
19.710000 1.106031 -19.299767 0.000000
19.720000 1.120128 -19.310898 0.000000
19.730000 1.134213 -19.322169 0.000000
19.740000 1.148284 -19.333582 0.000000
19.750000 1.162341 -19.345135 0.000000
19.760000 1.176381 -19.356829 0.000000
19.770000 1.190404 -19.368663 0.000000
19.780000 1.204407 -19.380637 0.000000
19.790000 1.218391 -19.392751 0.000000
19.800000 1.232352 -19.405004 0.000000
19.810000 1.246290 -19.417398 0.000000
19.820000 1.260204 -19.429930 0.000000
19.830000 1.274091 -19.442602 0.000000
19.840000 1.287951 -19.455412 0.000000
19.850000 1.301782 -19.468361 0.000000
19.860000 1.315583 -19.481447 0.000000
19.870000 1.329353 -19.494672 0.000000
19.880000 1.343089 -19.508034 0.000000
19.890000 1.356792 -19.521534 0.000000
19.900000 1.370458 -19.535170 0.000000
19.910000 1.384088 -19.548943 0.000000
19.920000 1.397679 -19.562852 0.000000
19.930000 1.411230 -19.576896 0.000000
19.940000 1.424741 -19.591076 0.000000
19.950000 1.438208 -19.605391 0.000000
19.960000 1.451632 -19.619840 0.000000
19.970000 1.465011 -19.634423 0.000000
19.980000 1.478343 -19.649140 0.000000
19.990000 1.491628 -19.663990 0.000000
